-0.997629 -0.0683365 0.305882 0.454902 0.85098 1
1.00357 -0.0683365 0.305882 0.454902 0.85098 1
1.00357 -1.02874 0.305882 0.454902 0.85098 1
-0.997629 -1.02874 0.305882 0.454902 0.85098 1
-0.800886 -0.065749 0.513726 0.65098 0.905882 1
-0.618112 -0.065749 0.513726 0.65098 0.905882 1
-0.618112 -0.120083 0.513726 0.65098 0.905882 1
-0.800886 -0.120083 0.513726 0.65098 0.905882 1
-0.644888 -0.0864478 0.513726 0.65098 0.905882 1
-0.471428 -0.0864478 0.513726 0.65098 0.905882 1
-0.471428 -0.151131 0.513726 0.65098 0.905882 1
-0.644888 -0.151131 0.513726 0.65098 0.905882 1
-0.484234 -0.125257 0.513726 0.65098 0.905882 1
-0.363161 -0.125257 0.513726 0.65098 0.905882 1
-0.363161 -0.177004 0.513726 0.65098 0.905882 1
-0.484234 -0.177004 0.513726 0.65098 0.905882 1
-0.384116 -0.130432 0.513726 0.65098 0.905882 1
-0.193193 -0.130432 0.513726 0.65098 0.905882 1
-0.193193 -0.210639 0.513726 0.65098 0.905882 1
-0.384116 -0.210639 0.513726 0.65098 0.905882 1
-0.246745 -0.184766 0.513726 0.65098 0.905882 1
0.0268335 -0.184766 0.513726 0.65098 0.905882 1
0.0268335 -0.259798 0.513726 0.65098 0.905882 1
-0.246745 -0.259798 0.513726 0.65098 0.905882 1
-0.194357 -0.236512 0.513726 0.65098 0.905882 1
0.0920265 -0.236512 0.513726 0.65098 0.905882 1
0.0920265 -0.30637 0.513726 0.65098 0.905882 1
-0.194357 -0.30637 0.513726 0.65098 0.905882 1
-0.151283 -0.283084 0.513726 0.65098 0.905882 1
0.0291618 -0.283084 0.513726 0.65098 0.905882 1
0.0291618 -0.34518 0.513726 0.65098 0.905882 1
-0.151283 -0.34518 0.513726 0.65098 0.905882 1
-0.110538 -0.321894 0.513726 0.65098 0.905882 1
0.11531 -0.321894 0.513726 0.65098 0.905882 1
0.11531 -0.37364 0.513726 0.65098 0.905882 1
-0.110538 -0.37364 0.513726 0.65098 0.905882 1
-0.0616429 -0.352942 0.513726 0.65098 0.905882 1
0.194473 -0.352942 0.513726 0.65098 0.905882 1
0.194473 -0.41245 0.513726 0.65098 0.905882 1
-0.0616429 -0.41245 0.513726 0.65098 0.905882 1
-0.859094 -0.0683365 0.513726 0.65098 0.905882 1
-0.451637 -0.0683365 0.513726 0.65098 0.905882 1
-0.451637 -0.107146 0.513726 0.65098 0.905882 1
-0.859094 -0.107146 0.513726 0.65098 0.905882 1
-0.783423 -0.104559 0.513726 0.65098 0.905882 1
-0.296804 -0.104559 0.513726 0.65098 0.905882 1
-0.296804 -0.164067 0.513726 0.65098 0.905882 1
-0.783423 -0.164067 0.513726 0.65098 0.905882 1
-0.664679 -0.130432 0.513726 0.65098 0.905882 1
-0.265371 -0.130432 0.513726 0.65098 0.905882 1
-0.265371 -0.210639 0.513726 0.65098 0.905882 1
-0.664679 -0.210639 0.513726 0.65098 0.905882 1
-0.517994 -0.184766 0.513726 0.65098 0.905882 1
-0.151283 -0.184766 0.513726 0.65098 0.905882 1
-0.151283 -0.26756 0.513726 0.65098 0.905882 1
-0.517994 -0.26756 0.513726 0.65098 0.905882 1
-0.265371 -0.2391 0.513726 0.65098 0.905882 1
0.151399 -0.2391 0.513726 0.65098 0.905882 1
0.151399 -0.347767 0.513726 0.65098 0.905882 1
-0.265371 -0.347767 0.513726 0.65098 0.905882 1
-0.408563 -0.236512 0.513726 0.65098 0.905882 1
-0.102389 -0.236512 0.513726 0.65098 0.905882 1
-0.102389 -0.30637 0.513726 0.65098 0.905882 1
-0.408563 -0.30637 0.513726 0.65098 0.905882 1
-0.152447 -0.327069 0.513726 0.65098 0.905882 1
0.150235 -0.327069 0.513726 0.65098 0.905882 1
0.150235 -0.4228 0.513726 0.65098 0.905882 1
-0.152447 -0.4228 0.513726 0.65098 0.905882 1
-0.0674637 -0.391752 0.513726 0.65098 0.905882 1
0.252681 -0.391752 0.513726 0.65098 0.905882 1
0.252681 -0.443498 0.513726 0.65098 0.905882 1
-0.0674637 -0.443498 0.513726 0.65098 0.905882 1
0.0908624 -0.316719 0.513726 0.65098 0.905882 1
0.39238 -0.316719 0.513726 0.65098 0.905882 1
0.39238 -0.41245 0.513726 0.65098 0.905882 1
0.0908624 -0.41245 0.513726 0.65098 0.905882 1
0.293426 -0.283084 0.513726 0.65098 0.905882 1
0.461066 -0.283084 0.513726 0.65098 0.905882 1
0.461066 -0.350355 0.513726 0.65098 0.905882 1
0.293426 -0.350355 0.513726 0.65098 0.905882 1
0.323695 -0.192528 0.513726 0.65098 0.905882 1
0.520438 -0.192528 0.513726 0.65098 0.905882 1
0.520438 -0.308957 0.513726 0.65098 0.905882 1
0.323695 -0.308957 0.513726 0.65098 0.905882 1
0.39238 -0.117496 0.513726 0.65098 0.905882 1
0.614735 -0.117496 0.513726 0.65098 0.905882 1
0.614735 -0.241687 0.513726 0.65098 0.905882 1
0.39238 -0.241687 0.513726 0.65098 0.905882 1
0.564676 -0.089035 0.513726 0.65098 0.905882 1
0.74745 -0.089035 0.513726 0.65098 0.905882 1
0.74745 -0.179591 0.513726 0.65098 0.905882 1
0.564676 -0.179591 0.513726 0.65098 0.905882 1
0.726495 -0.0812731 0.513726 0.65098 0.905882 1
0.899955 -0.0812731 0.513726 0.65098 0.905882 1
0.899955 -0.140782 0.513726 0.65098 0.905882 1
0.726495 -0.140782 0.513726 0.65098 0.905882 1
0.799837 -0.0683365 0.513726 0.65098 0.905882 1
0.939536 -0.0683365 0.513726 0.65098 0.905882 1
0.939536 -0.0942097 0.513726 0.65098 0.905882 1
0.799837 -0.0942097 0.513726 0.65098 0.905882 1
-0.932436 -0.0683365 0.513726 0.65098 0.905882 1
-0.853273 -0.0683365 0.513726 0.65098 0.905882 1
-0.853273 -0.0942097 0.513726 0.65098 0.905882 1
-0.932436 -0.0942097 0.513726 0.65098 0.905882 1
-0.123343 -0.389164 0.513726 0.65098 0.905882 1
0.42032 -0.389164 0.513726 0.65098 0.905882 1
0.42032 -0.459022 0.513726 0.65098 0.905882 1
-0.123343 -0.459022 0.513726 0.65098 0.905882 1
0.37841 -0.308957 0.513726 0.65098 0.905882 1
0.441275 -0.308957 0.513726 0.65098 0.905882 1
0.441275 -0.425387 0.513726 0.65098 0.905882 1
0.37841 -0.425387 0.513726 0.65098 0.905882 1
-0.0662995 -0.430562 0.513726 0.65098 0.905882 1
0.373754 -0.430562 0.513726 0.65098 0.905882 1
0.373754 -0.508181 0.513726 0.65098 0.905882 1
-0.0662995 -0.508181 0.513726 0.65098 0.905882 1
-0.650709 -0.166655 0.513726 0.65098 0.905882 1
-0.208327 -0.166655 0.513726 0.65098 0.905882 1
-0.208327 -0.319307 0.513726 0.65098 0.905882 1
-0.650709 -0.319307 0.513726 0.65098 0.905882 1
-0.741513 -0.145956 0.513726 0.65098 0.905882 1
-0.534293 -0.145956 0.513726 0.65098 0.905882 1
-0.534293 -0.257211 0.513726 0.65098 0.905882 1
-0.741513 -0.257211 0.513726 0.65098 0.905882 1
-0.827661 -0.0993844 0.513726 0.65098 0.905882 1
-0.639067 -0.0993844 0.513726 0.65098 0.905882 1
-0.639067 -0.184766 0.513726 0.65098 0.905882 1
-0.827661 -0.184766 0.513726 0.65098 0.905882 1
-0.895183 -0.0812731 0.513726 0.65098 0.905882 1
-0.763632 -0.0812731 0.513726 0.65098 0.905882 1
-0.763632 -0.148543 0.513726 0.65098 0.905882 1
-0.895183 -0.148543 0.513726 0.65098 0.905882 1
0.401693 -0.156305 0.513726 0.65098 0.905882 1
0.658973 -0.156305 0.513726 0.65098 0.905882 1
0.658973 -0.308957 0.513726 0.65098 0.905882 1
0.401693 -0.308957 0.513726 0.65098 0.905882 1
0.423813 -0.223576 0.513726 0.65098 0.905882 1
0.604258 -0.223576 0.513726 0.65098 0.905882 1
0.604258 -0.373641 0.513726 0.65098 0.905882 1
0.423813 -0.373641 0.513726 0.65098 0.905882 1
0.633362 -0.138194 0.513726 0.65098 0.905882 1
0.7393 -0.138194 0.513726 0.65098 0.905882 1
0.7393 -0.22875 0.513726 0.65098 0.905882 1
0.633362 -0.22875 0.513726 0.65098 0.905882 1
0.631033 -0.145956 0.513726 0.65098 0.905882 1
0.721838 -0.145956 0.513726 0.65098 0.905882 1
0.721838 -0.262386 0.513726 0.65098 0.905882 1
0.631033 -0.262386 0.513726 0.65098 0.905882 1
0.723002 -0.104559 0.513726 0.65098 0.905882 1
0.86503 -0.104559 0.513726 0.65098 0.905882 1
0.86503 -0.184766 0.513726 0.65098 0.905882 1
0.723002 -0.184766 0.513726 0.65098 0.905882 1
0.387724 -0.283084 0.513726 0.65098 0.905882 1
0.56002 -0.283084 0.513726 0.65098 0.905882 1
0.56002 -0.427974 0.513726 0.65098 0.905882 1
0.387724 -0.427974 0.513726 0.65098 0.905882 1
0.349306 -0.381402 0.513726 0.65098 0.905882 1
0.380739 -0.381402 0.513726 0.65098 0.905882 1
0.380739 -0.474546 0.513726 0.65098 0.905882 1
0.349306 -0.474546 0.513726 0.65098 0.905882 1
0.72533 -0.145956 0.513726 0.65098 0.905882 1
0.819628 -0.145956 0.513726 0.65098 0.905882 1
0.819628 -0.197703 0.513726 0.65098 0.905882 1
0.72533 -0.197703 0.513726 0.65098 0.905882 1
0.690657 -0.0679173 0.784314 0.960784 0.988235 1
0.770094 -0.0679173 0.784314 0.960784 0.988235 1
0.770094 -0.0971895 0.784314 0.960784 0.988235 1
0.690657 -0.0971895 0.784314 0.960784 0.988235 1
0.768859 -0.0679173 0.784314 0.960784 0.988235 1
0.818662 -0.0679173 0.784314 0.960784 0.988235 1
0.818662 -0.0852977 0.784314 0.960784 0.988235 1
0.768859 -0.0852977 0.784314 0.960784 0.988235 1
-0.609963 -0.0663503 0.784314 0.960784 0.988235 1
-0.155358 -0.0663503 0.784314 0.960784 0.988235 1
-0.155358 -0.109734 0.784314 0.960784 0.988235 1
-0.609963 -0.109734 0.784314 0.960784 0.988235 1
-0.7517 -0.0645207 0.784314 0.960784 0.988235 1
-0.609963 -0.0645207 0.784314 0.960784 0.988235 1
-0.609963 -0.0935632 0.784314 0.960784 0.988235 1
-0.7517 -0.0935632 0.784314 0.960784 0.988235 1
-0.197728 -0.104804 0.784314 0.960784 0.988235 1
0.461104 -0.104804 0.784314 0.960784 0.988235 1
0.461104 -0.182423 0.784314 0.960784 0.988235 1
-0.197728 -0.182423 0.784314 0.960784 0.988235 1
0.459838 -0.10546 0.784314 0.960784 0.988235 1
0.555261 -0.10546 0.784314 0.960784 0.988235 1
0.555261 -0.167206 0.784314 0.960784 0.988235 1
0.459838 -0.167206 0.784314 0.960784 0.988235 1
0.554212 -0.10644 0.784314 0.960784 0.988235 1
0.628139 -0.10644 0.784314 0.960784 0.988235 1
0.628139 -0.125062 0.784314 0.960784 0.988235 1
0.554212 -0.125062 0.784314 0.960784 0.988235 1
-0.418004 -0.10619 0.784314 0.960784 0.988235 1
-0.193067 -0.10619 0.784314 0.960784 0.988235 1
-0.193067 -0.156088 0.784314 0.960784 0.988235 1
-0.418004 -0.156088 0.784314 0.960784 0.988235 1
-0.547021 -0.10619 0.784314 0.960784 0.988235 1
-0.418004 -0.10619 0.784314 0.960784 0.988235 1
-0.418004 -0.124208 0.784314 0.960784 0.988235 1
-0.547021 -0.124208 0.784314 0.960784 0.988235 1
0.354616 -0.0683365 0.784314 0.960784 0.988235 1
0.69164 -0.0683365 0.784314 0.960784 0.988235 1
0.69164 -0.111563 0.784314 0.960784 0.988235 1
0.354616 -0.111563 0.784314 0.960784 0.988235 1
-0.157899 -0.0687956 1 1 1 1
0.359304 -0.0687956 1 1 1 1
0.359304 -0.105018 1 1 1 1
-0.157899 -0.105018 1 1 1 1
0.35831 -0.0691018 1 1 1 1
0.43322 -0.0691018 1 1 1 1
0.43322 -0.0979167 1 1 1 1
0.35831 -0.0979167 1 1 1 1
0.432397 -0.0695591 1 1 1 1
0.490431 -0.0695591 1 1 1 1
0.490431 -0.0782492 1 1 1 1
0.432397 -0.0782492 1 1 1 1
-0.330823 -0.0694424 1 1 1 1
-0.154241 -0.0694424 1 1 1 1
-0.154241 -0.0927284 1 1 1 1
-0.330823 -0.0927284 1 1 1 1
-0.432105 -0.0694424 1 1 1 1
-0.330823 -0.0694424 1 1 1 1
-0.330823 -0.0778512 1 1 1 1
-0.432105 -0.0778512 1 1 1 1
-0.111702 -0.103265 1 1 1 1
0.338247 -0.103265 1 1 1 1
0.338247 -0.130432 1 1 1 1
-0.111702 -0.130432 1 1 1 1
-0.0406879 -0.127845 1 1 1 1
0.287606 -0.127845 1 1 1 1
0.287606 -0.149837 1 1 1 1
-0.0406879 -0.149837 1 1 1 1
0.0495346 -0.148543 1 1 1 1
0.174682 -0.148543 1 1 1 1
0.174682 -0.164067 1 1 1 1
0.0495346 -0.164067 1 1 1 1
-0.173984 -0.180885 0.784314 0.960784 0.988235 1
0.424395 -0.180885 0.784314 0.960784 0.988235 1
0.424395 -0.224869 0.784314 0.960784 0.988235 1
-0.173984 -0.224869 0.784314 0.960784 0.988235 1
-0.136731 -0.223576 0.784314 0.960784 0.988235 1
0.397619 -0.223576 0.784314 0.960784 0.988235 1
0.397619 -0.262386 0.784314 0.960784 0.988235 1
-0.136731 -0.262386 0.784314 0.960784 0.988235 1
-0.11112 -0.258505 0.784314 0.960784 0.988235 1
0.363276 -0.258505 0.784314 0.960784 0.988235 1
0.363276 -0.296021 0.784314 0.960784 0.988235 1
-0.11112 -0.296021 0.784314 0.960784 0.988235 1
-0.0909594 -0.292032 0.784314 0.960784 0.988235 1
0.337921 -0.292032 0.784314 0.960784 0.988235 1
0.337921 -0.326793 0.784314 0.960784 0.988235 1
-0.0909594 -0.326793 0.784314 0.960784 0.988235 1
-0.0465073 -0.321305 0.784314 0.960784 0.988235 1
0.290999 -0.321305 0.784314 0.960784 0.988235 1
0.290999 -0.346918 0.784314 0.960784 0.988235 1
-0.0465073 -0.346918 0.784314 0.960784 0.988235 1
0.0572143 -0.162137 1 1 1 1
0.168344 -0.162137 1 1 1 1
0.168344 -0.195068 1 1 1 1
0.0572143 -0.195068 1 1 1 1
0.0662693 -0.185921 1 1 1 1
0.157643 -0.185921 1 1 1 1
0.157643 -0.220682 1 1 1 1
0.0662693 -0.220682 1 1 1 1
0.00206065 -0.140183 1 1 1 1
0.11813 -0.140183 1 1 1 1
0.11813 -0.184091 1 1 1 1
0.00206065 -0.184091 1 1 1 1
0.0209939 -0.171285 1 1 1 1
0.107429 -0.171285 1 1 1 1
0.107429 -0.198727 1 1 1 1
0.0209939 -0.198727 1 1 1 1
0.0440432 -0.180432 1 1 1 1
0.114014 -0.180432 1 1 1 1
0.114014 -0.218852 1 1 1 1
0.0440432 -0.218852 1 1 1 1
0.139533 -0.138353 1 1 1 1
0.244901 -0.138353 1 1 1 1
0.244901 -0.173114 1 1 1 1
0.139533 -0.173114 1 1 1 1
