-0.245718 -0.120662 0.168627 0.133333 0 1
0.248811 -0.120662 0.168627 0.133333 0 1
0.248811 -0.235922 0.168627 0.133333 0 1
-0.245718 -0.235922 0.168627 0.133333 0 1
-0.338851 -0.121281 0.168627 0.133333 0 1
-0.243194 -0.121281 0.168627 0.133333 0 1
-0.243194 -0.14295 0.168627 0.133333 0 1
-0.338851 -0.14295 0.168627 0.133333 0 1
-0.319402 -0.142626 0.168627 0.133333 0 1
-0.227317 -0.142626 0.168627 0.133333 0 1
-0.227317 -0.174321 0.168627 0.133333 0 1
-0.319402 -0.174321 0.168627 0.133333 0 1
-0.216997 -0.197283 0.168627 0.133333 0 1
-0.208265 -0.197283 0.168627 0.133333 0 1
-0.208265 -0.199547 0.168627 0.133333 0 1
-0.216997 -0.199547 0.168627 0.133333 0 1
-0.303128 -0.165265 0.168627 0.133333 0 1
-0.215806 -0.165265 0.168627 0.133333 0 1
-0.215806 -0.200194 0.168627 0.133333 0 1
-0.303128 -0.200194 0.168627 0.133333 0 1
-0.280901 -0.191462 0.168627 0.133333 0 1
-0.198739 -0.191462 0.168627 0.133333 0 1
-0.198739 -0.22445 0.168627 0.133333 0 1
-0.280901 -0.22445 0.168627 0.133333 0 1
-0.320025 -0.129003 0.168627 0.133333 0 1
-0.278631 -0.190785 0.168627 0.133333 0 1
-0.312826 -0.182338 0.168627 0.133333 0 1
-0.35422 -0.120556 0.168627 0.133333 0 1
-0.302329 -0.157645 0.168627 0.133333 0 1
-0.262479 -0.220098 0.168627 0.133333 0 1
-0.296457 -0.211088 0.168627 0.133333 0 1
-0.336307 -0.148636 0.168627 0.133333 0 1
-0.288973 -0.210299 0.168627 0.133333 0 1
-0.277221 -0.210299 0.168627 0.133333 0 1
-0.277221 -0.218074 0.168627 0.133333 0 1
-0.288973 -0.218074 0.168627 0.133333 0 1
-0.266675 -0.221102 0.168627 0.133333 0 1
-0.244176 -0.221102 0.168627 0.133333 0 1
-0.244176 -0.231168 0.168627 0.133333 0 1
-0.266675 -0.231168 0.168627 0.133333 0 1
-0.255526 -0.228713 0.168627 0.133333 0 1
-0.242569 -0.228713 0.168627 0.133333 0 1
-0.242569 -0.23436 0.168627 0.133333 0 1
-0.255526 -0.23436 0.168627 0.133333 0 1
-0.291544 -0.207102 0.168627 0.133333 0 1
-0.267764 -0.227187 0.168627 0.133333 0 1
-0.272751 -0.231108 0.168627 0.133333 0 1
-0.296532 -0.211023 0.168627 0.133333 0 1
-0.274509 -0.223557 0.168627 0.133333 0 1
-0.253818 -0.223557 0.168627 0.133333 0 1
-0.253818 -0.229531 0.168627 0.133333 0 1
-0.274509 -0.229531 0.168627 0.133333 0 1
-0.271195 -0.228631 0.168627 0.133333 0 1
-0.251609 -0.228631 0.168627 0.133333 0 1
-0.251609 -0.23125 0.168627 0.133333 0 1
-0.271195 -0.23125 0.168627 0.133333 0 1
-0.272802 -0.229531 0.168627 0.133333 0 1
-0.264867 -0.229531 0.168627 0.133333 0 1
-0.264867 -0.231168 0.168627 0.133333 0 1
-0.272802 -0.231168 0.168627 0.133333 0 1
-0.26567 -0.230268 0.168627 0.133333 0 1
-0.244377 -0.230268 0.168627 0.133333 0 1
-0.244377 -0.23305 0.168627 0.133333 0 1
-0.26567 -0.23305 0.168627 0.133333 0 1
-0.271646 -0.227427 0.168627 0.133333 0 1
-0.252326 -0.23091 0.168627 0.133333 0 1
-0.253368 -0.234746 0.168627 0.133333 0 1
-0.272687 -0.231262 0.168627 0.133333 0 1
-0.271577 -0.227667 0.168627 0.133333 0 1
-0.256085 -0.231713 0.168627 0.133333 0 1
-0.257132 -0.235269 0.168627 0.133333 0 1
-0.272624 -0.231223 0.168627 0.133333 0 1
-0.257434 -0.231823 0.168627 0.133333 0 1
-0.242669 -0.231823 0.168627 0.133333 0 1
-0.242669 -0.235342 0.168627 0.133333 0 1
-0.257434 -0.235342 0.168627 0.133333 0 1
0.341112 -0.121095 0.168627 0.133333 0 1
0.245455 -0.121095 0.168627 0.133333 0 1
0.245455 -0.142764 0.168627 0.133333 0 1
0.341112 -0.142764 0.168627 0.133333 0 1
0.322286 -0.128817 0.168627 0.133333 0 1
0.280892 -0.190599 0.168627 0.133333 0 1
0.315087 -0.182153 0.168627 0.133333 0 1
0.356481 -0.12037 0.168627 0.133333 0 1
0.30459 -0.157459 0.168627 0.133333 0 1
0.26474 -0.219912 0.168627 0.133333 0 1
0.298718 -0.210903 0.168627 0.133333 0 1
0.338567 -0.14845 0.168627 0.133333 0 1
0.291234 -0.210113 0.168627 0.133333 0 1
0.279482 -0.210113 0.168627 0.133333 0 1
0.279482 -0.217888 0.168627 0.133333 0 1
0.291234 -0.217888 0.168627 0.133333 0 1
0.268936 -0.220916 0.168627 0.133333 0 1
0.246437 -0.220916 0.168627 0.133333 0 1
0.246437 -0.230982 0.168627 0.133333 0 1
0.268936 -0.230982 0.168627 0.133333 0 1
0.293805 -0.206917 0.168627 0.133333 0 1
0.270024 -0.227001 0.168627 0.133333 0 1
0.275012 -0.230922 0.168627 0.133333 0 1
0.298792 -0.210837 0.168627 0.133333 0 1
0.27677 -0.223371 0.168627 0.133333 0 1
0.256079 -0.223371 0.168627 0.133333 0 1
0.256079 -0.229346 0.168627 0.133333 0 1
0.27677 -0.229346 0.168627 0.133333 0 1
0.273456 -0.228445 0.168627 0.133333 0 1
0.25387 -0.228445 0.168627 0.133333 0 1
0.25387 -0.231064 0.168627 0.133333 0 1
0.273456 -0.231064 0.168627 0.133333 0 1
0.275063 -0.229346 0.168627 0.133333 0 1
0.267128 -0.229346 0.168627 0.133333 0 1
0.267128 -0.230982 0.168627 0.133333 0 1
0.275063 -0.230982 0.168627 0.133333 0 1
0.267931 -0.230082 0.168627 0.133333 0 1
0.246638 -0.230082 0.168627 0.133333 0 1
0.246638 -0.232865 0.168627 0.133333 0 1
0.267931 -0.232865 0.168627 0.133333 0 1
0.273907 -0.227241 0.168627 0.133333 0 1
0.254587 -0.230724 0.168627 0.133333 0 1
0.255628 -0.23456 0.168627 0.133333 0 1
0.274948 -0.231077 0.168627 0.133333 0 1
0.273838 -0.227481 0.168627 0.133333 0 1
0.258346 -0.231528 0.168627 0.133333 0 1
0.259393 -0.235083 0.168627 0.133333 0 1
0.274885 -0.231037 0.168627 0.133333 0 1
0.237641 -0.135741 0.168627 0.133333 0 1
0.315985 -0.135741 0.168627 0.133333 0 1
0.315985 -0.172079 0.168627 0.133333 0 1
0.237641 -0.172079 0.168627 0.133333 0 1
0.218356 -0.160294 0.168627 0.133333 0 1
0.281835 -0.160294 0.168627 0.133333 0 1
0.281835 -0.223148 0.168627 0.133333 0 1
0.218356 -0.223148 0.168627 0.133333 0 1
0.272996 -0.157675 0.168627 0.133333 0 1
0.29429 -0.157675 0.168627 0.133333 0 1
0.29429 -0.204488 0.168627 0.133333 0 1
0.272996 -0.204488 0.168627 0.133333 0 1
0.246078 -0.220856 0.168627 0.133333 0 1
0.259738 -0.220856 0.168627 0.133333 0 1
0.259738 -0.235915 0.168627 0.133333 0 1
0.246078 -0.235915 0.168627 0.133333 0 1
0.24889 -0.212672 0.168627 0.133333 0 1
0.272996 -0.212672 0.168627 0.133333 0 1
0.272996 -0.224784 0.168627 0.133333 0 1
0.24889 -0.224784 0.168627 0.133333 0 1
0.328842 -0.12101 0.168627 0.133333 0 1
0.35134 -0.12101 0.168627 0.133333 0 1
0.35134 -0.127557 0.168627 0.133333 0 1
0.328842 -0.127557 0.168627 0.133333 0 1
-0.37706 -0.0984219 0.101961 0.101961 0.101961 1
0.373438 -0.0984219 0.101961 0.101961 0.101961 1
0.373438 -0.112171 0.101961 0.101961 0.101961 1
-0.37706 -0.112171 0.101961 0.101961 0.101961 1
0.372727 -0.0988426 0.168627 0.133333 0 1
0.376136 -0.0988426 0.168627 0.133333 0 1
0.376136 -0.112037 0.168627 0.133333 0 1
0.372727 -0.112037 0.168627 0.133333 0 1
0.375852 -0.100231 0.101961 0.101961 0.101961 1
0.377841 -0.100231 0.101961 0.101961 0.101961 1
0.377841 -0.110185 0.101961 0.101961 0.101961 1
0.375852 -0.110185 0.101961 0.101961 0.101961 1
0.377379 -0.10081 0.101961 0.101961 0.101961 1
0.378906 -0.10081 0.101961 0.101961 0.101961 1
0.378906 -0.109549 0.101961 0.101961 0.101961 1
0.377379 -0.109549 0.101961 0.101961 0.101961 1
0.378871 -0.101418 0.101961 0.101961 0.101961 1
0.379794 -0.101418 0.101961 0.101961 0.101961 1
0.379794 -0.108941 0.101961 0.101961 0.101961 1
0.378871 -0.108941 0.101961 0.101961 0.101961 1
0.379652 -0.102141 0.101961 0.101961 0.101961 1
0.380398 -0.102141 0.101961 0.101961 0.101961 1
0.380398 -0.108275 0.101961 0.101961 0.101961 1
0.379652 -0.108275 0.101961 0.101961 0.101961 1
0.380327 -0.103067 0.101961 0.101961 0.101961 1
0.380859 -0.103067 0.101961 0.101961 0.101961 1
0.380859 -0.107147 0.101961 0.101961 0.101961 1
0.380327 -0.107147 0.101961 0.101961 0.101961 1
0.377095 -0.109578 0.101961 0.101961 0.101961 1
0.37532 -0.109578 0.101961 0.101961 0.101961 1
0.37532 -0.111285 0.101961 0.101961 0.101961 1
0.377095 -0.111285 0.101961 0.101961 0.101961 1
0.375497 -0.0994213 0.101961 0.101961 0.101961 1
0.376989 -0.0994213 0.101961 0.101961 0.101961 1
0.376989 -0.100897 0.101961 0.101961 0.101961 1
0.375497 -0.100897 0.101961 0.101961 0.101961 1
-0.378089 -0.0990162 0.101961 0.101961 0.101961 1
-0.37603 -0.0990162 0.101961 0.101961 0.101961 1
-0.37603 -0.111516 0.101961 0.101961 0.101961 1
-0.378089 -0.111516 0.101961 0.101961 0.101961 1
-0.379048 -0.0995081 0.101961 0.101961 0.101961 1
-0.376562 -0.0995081 0.101961 0.101961 0.101961 1
-0.376562 -0.110706 0.101961 0.101961 0.101961 1
-0.379048 -0.110706 0.101961 0.101961 0.101961 1
-0.379616 -0.100145 0.101961 0.101961 0.101961 1
-0.376989 -0.100145 0.101961 0.101961 0.101961 1
-0.376989 -0.110243 0.101961 0.101961 0.101961 1
-0.379616 -0.110243 0.101961 0.101961 0.101961 1
-0.380291 -0.101042 0.101961 0.101961 0.101961 1
-0.378267 -0.101042 0.101961 0.101961 0.101961 1
-0.378267 -0.109491 0.101961 0.101961 0.101961 1
-0.380291 -0.109491 0.101961 0.101961 0.101961 1
-0.38093 -0.10191 0.101961 0.101961 0.101961 1
-0.3788 -0.10191 0.101961 0.101961 0.101961 1
-0.3788 -0.108883 0.101961 0.101961 0.101961 1
-0.38093 -0.108883 0.101961 0.101961 0.101961 1
-0.381641 -0.10298 0.101961 0.101961 0.101961 1
-0.380043 -0.10298 0.101961 0.101961 0.101961 1
-0.380043 -0.108073 0.101961 0.101961 0.101961 1
-0.381641 -0.108073 0.101961 0.101961 0.101961 1
-0.0114535 0.342865 0.101961 0.101961 0.101961 1
0.00702769 0.342865 0.101961 0.101961 0.101961 1
0.00702769 -0.0342585 0.101961 0.101961 0.101961 1
-0.0114535 -0.0342585 0.101961 0.101961 0.101961 1
-0.00743586 -0.0656854 0.101961 0.101961 0.101961 1
0.00461709 -0.0656854 0.101961 0.101961 0.101961 1
0.00461709 -0.0938388 0.101961 0.101961 0.101961 1
-0.00743586 -0.0938388 0.101961 0.101961 0.101961 1
-0.346526 -0.0460436 0.101961 0.101961 0.101961 1
-0.0275241 -0.0460436 0.101961 0.101961 0.101961 1
-0.0275241 -0.0539003 0.101961 0.101961 0.101961 1
-0.346526 -0.0539003 0.101961 0.101961 0.101961 1
0.0156928 -0.0455292 0.101961 0.101961 0.101961 1
0.334694 -0.0455292 0.101961 0.101961 0.101961 1
0.334694 -0.053386 0.101961 0.101961 0.101961 1
0.0156928 -0.053386 0.101961 0.101961 0.101961 1
0.0150337 -0.0384128 0.101961 0.101961 0.101961 1
-0.0150076 -0.062382 0.101961 0.101961 0.101961 1
-0.0195791 -0.058578 0.101961 0.101961 0.101961 1
0.0104621 -0.0346088 0.101961 0.101961 0.101961 1
-0.0144009 -0.0352106 0.101961 0.101961 0.101961 1
0.0150419 -0.0596678 0.101961 0.101961 0.101961 1
0.0103773 -0.0633961 0.101961 0.101961 0.101961 1
-0.0190655 -0.0389388 0.101961 0.101961 0.101961 1
0.0153409 0.33588 0.701961 0.701961 0.701961 1
0.0198864 0.33588 0.701961 0.701961 0.701961 1
0.0198864 0.277315 0.701961 0.701961 0.701961 1
0.0153409 0.277315 0.701961 0.701961 0.701961 1
0.105414 0.298761 0.701961 0.701961 0.701961 1
0.10252 0.294276 0.701961 0.701961 0.701961 1
0.0160349 0.331795 0.701961 0.701961 0.701961 1
0.0189285 0.33628 0.701961 0.701961 0.701961 1
0.103496 0.299062 0.701961 0.701961 0.701961 1
0.104966 0.294748 0.701961 0.701961 0.701961 1
0.0182693 0.276874 0.701961 0.701961 0.701961 1
0.0167998 0.281188 0.701961 0.701961 0.701961 1
0.0180398 0.331481 0.701961 0.701961 0.701961 1
0.0276989 0.331481 0.701961 0.701961 0.701961 1
0.0276989 0.281366 0.701961 0.701961 0.701961 1
0.0180398 0.281366 0.701961 0.701961 0.701961 1
0.0261363 0.328356 0.701961 0.701961 0.701961 1
0.0329546 0.328356 0.701961 0.701961 0.701961 1
0.0329546 0.281597 0.701961 0.701961 0.701961 1
0.0261363 0.281597 0.701961 0.701961 0.701961 1
0.0319602 0.325694 0.701961 0.701961 0.701961 1
0.0411932 0.325694 0.701961 0.701961 0.701961 1
0.0411932 0.284028 0.701961 0.701961 0.701961 1
0.0319602 0.284028 0.701961 0.701961 0.701961 1
0.0400568 0.321991 0.701961 0.701961 0.701961 1
0.0515625 0.321991 0.701961 0.701961 0.701961 1
0.0515625 0.285417 0.701961 0.701961 0.701961 1
0.0400568 0.285417 0.701961 0.701961 0.701961 1
0.0494318 0.317477 0.701961 0.701961 0.701961 1
0.0607954 0.317477 0.701961 0.701961 0.701961 1
0.0607954 0.288194 0.701961 0.701961 0.701961 1
0.0494318 0.288194 0.701961 0.701961 0.701961 1
0.0585227 0.313889 0.701961 0.701961 0.701961 1
0.0663352 0.313889 0.701961 0.701961 0.701961 1
0.0663352 0.2875 0.701961 0.701961 0.701961 1
0.0585227 0.2875 0.701961 0.701961 0.701961 1
0.0754262 0.301042 0.701961 0.701961 0.701961 1
0.0759943 0.301042 0.701961 0.701961 0.701961 1
0.0759943 0.300694 0.701961 0.701961 0.701961 1
0.0754262 0.300694 0.701961 0.701961 0.701961 1
0.0546875 0.313542 0.701961 0.701961 0.701961 1
0.0705966 0.313542 0.701961 0.701961 0.701961 1
0.0705966 0.288773 0.701961 0.701961 0.701961 1
0.0546875 0.288773 0.701961 0.701961 0.701961 1
0.0612216 0.309954 0.701961 0.701961 0.701961 1
0.0735795 0.309954 0.701961 0.701961 0.701961 1
0.0735795 0.291435 0.701961 0.701961 0.701961 1
0.0612216 0.291435 0.701961 0.701961 0.701961 1
0.0634943 0.300694 0.701961 0.701961 0.701961 1
0.0973011 0.300694 0.701961 0.701961 0.701961 1
0.0973011 0.296412 0.701961 0.701961 0.701961 1
0.0634943 0.296412 0.701961 0.701961 0.701961 1
0.0711648 0.302199 0.701961 0.701961 0.701961 1
0.0880682 0.302199 0.701961 0.701961 0.701961 1
0.0880682 0.291551 0.701961 0.701961 0.701961 1
0.0711648 0.291551 0.701961 0.701961 0.701961 1
0.0700284 0.307986 0.701961 0.701961 0.701961 1
0.0842329 0.307986 0.701961 0.701961 0.701961 1
0.0842329 0.295718 0.701961 0.701961 0.701961 1
0.0700284 0.295718 0.701961 0.701961 0.701961 1
0.0836648 0.303125 0.701961 0.701961 0.701961 1
0.0903409 0.303125 0.701961 0.701961 0.701961 1
0.0903409 0.294444 0.701961 0.701961 0.701961 1
0.0836648 0.294444 0.701961 0.701961 0.701961 1
0.0153409 0.337471 0.701961 0.701961 0.701961 1
0.0159801 0.337471 0.701961 0.701961 0.701961 1
0.0159801 0.335417 0.701961 0.701961 0.701961 1
0.0153409 0.335417 0.701961 0.701961 0.701961 1
0.0178622 0.335677 0.701961 0.701961 0.701961 1
0.0180398 0.335677 0.701961 0.701961 0.701961 1
0.0180398 0.335619 0.701961 0.701961 0.701961 1
0.0178622 0.335619 0.701961 0.701961 0.701961 1
0.015767 0.336545 0.701961 0.701961 0.701961 1
0.0183238 0.336545 0.701961 0.701961 0.701961 1
0.0183238 0.335561 0.701961 0.701961 0.701961 1
0.015767 0.335561 0.701961 0.701961 0.701961 1
0.0191051 0.335156 0.701961 0.701961 0.701961 1
0.0194247 0.335156 0.701961 0.701961 0.701961 1
0.0194247 0.335069 0.701961 0.701961 0.701961 1
0.0191051 0.335069 0.701961 0.701961 0.701961 1
0.0180042 0.336545 0.701961 0.701961 0.701961 1
0.0184659 0.336545 0.701961 0.701961 0.701961 1
0.0184659 0.335677 0.701961 0.701961 0.701961 1
0.0180042 0.335677 0.701961 0.701961 0.701961 1
0.0153409 0.337789 0.701961 0.701961 0.701961 1
0.0156605 0.337789 0.701961 0.701961 0.701961 1
0.0156605 0.337355 0.701961 0.701961 0.701961 1
0.0153409 0.337355 0.701961 0.701961 0.701961 1
0.015767 0.337269 0.701961 0.701961 0.701961 1
0.0164062 0.337269 0.701961 0.701961 0.701961 1
0.0164062 0.336198 0.701961 0.701961 0.701961 1
0.015767 0.336198 0.701961 0.701961 0.701961 1
0.0176136 0.336458 0.701961 0.701961 0.701961 1
0.0188565 0.336458 0.701961 0.701961 0.701961 1
0.0188565 0.33559 0.701961 0.701961 0.701961 1
0.0176136 0.33559 0.701961 0.701961 0.701961 1
0.0160156 0.337066 0.701961 0.701961 0.701961 1
0.0167614 0.337066 0.701961 0.701961 0.701961 1
0.0167614 0.335938 0.701961 0.701961 0.701961 1
0.0160156 0.335938 0.701961 0.701961 0.701961 1
0.0165838 0.336863 0.701961 0.701961 0.701961 1
0.0181818 0.336863 0.701961 0.701961 0.701961 1
0.0181818 0.336314 0.701961 0.701961 0.701961 1
0.0165838 0.336314 0.701961 0.701961 0.701961 1
0.0181108 0.33669 0.701961 0.701961 0.701961 1
0.0183594 0.33669 0.701961 0.701961 0.701961 1
0.0183594 0.336458 0.701961 0.701961 0.701961 1
0.0181108 0.336458 0.701961 0.701961 0.701961 1
0.015767 0.337384 0.701961 0.701961 0.701961 1
0.0178622 0.337384 0.701961 0.701961 0.701961 1
0.0178622 0.336256 0.701961 0.701961 0.701961 1
0.015767 0.336256 0.701961 0.701961 0.701961 1
0.015554 0.337616 0.701961 0.701961 0.701961 1
0.0174006 0.337616 0.701961 0.701961 0.701961 1
0.0174006 0.336979 0.701961 0.701961 0.701961 1
0.015554 0.336979 0.701961 0.701961 0.701961 1
0.0153764 0.277517 0.701961 0.701961 0.701961 1
0.0183594 0.277517 0.701961 0.701961 0.701961 1
0.0183594 0.27691 0.701961 0.701961 0.701961 1
0.0153764 0.27691 0.701961 0.701961 0.701961 1
0.0153409 0.27746 0.701961 0.701961 0.701961 1
0.0182173 0.27746 0.701961 0.701961 0.701961 1
0.0182173 0.276765 0.701961 0.701961 0.701961 1
0.0153409 0.276765 0.701961 0.701961 0.701961 1
0.0153764 0.27691 0.701961 0.701961 0.701961 1
0.0174716 0.27691 0.701961 0.701961 0.701961 1
0.0174716 0.27662 0.701961 0.701961 0.701961 1
0.0153764 0.27662 0.701961 0.701961 0.701961 1
0.0153764 0.276794 0.701961 0.701961 0.701961 1
0.0165838 0.276794 0.701961 0.701961 0.701961 1
0.0165838 0.276534 0.701961 0.701961 0.701961 1
0.0153764 0.276534 0.701961 0.701961 0.701961 1
0.0153409 0.276852 0.701961 0.701961 0.701961 1
0.0160511 0.276852 0.701961 0.701961 0.701961 1
0.0160511 0.276389 0.701961 0.701961 0.701961 1
0.0153409 0.276389 0.701961 0.701961 0.701961 1
0.103502 0.298425 0.701961 0.701961 0.701961 1
0.106163 0.298425 0.701961 0.701961 0.701961 1
0.106163 0.295316 0.701961 0.701961 0.701961 1
0.103502 0.295316 0.701961 0.701961 0.701961 1
0.113144 0.291346 0.701961 0.701961 0.701961 1
0.113295 0.291346 0.701961 0.701961 0.701961 1
0.113295 0.29106 0.701961 0.701961 0.701961 1
0.113144 0.29106 0.701961 0.701961 0.701961 1
0.104255 0.298507 0.701961 0.701961 0.701961 1
0.10541 0.298507 0.701961 0.701961 0.701961 1
0.10541 0.294865 0.701961 0.701961 0.701961 1
0.104255 0.294865 0.701961 0.701961 0.701961 1
0.105008 0.29863 0.701961 0.701961 0.701961 1
0.105762 0.29863 0.701961 0.701961 0.701961 1
0.105762 0.294865 0.701961 0.701961 0.701961 1
0.105008 0.294865 0.701961 0.701961 0.701961 1
0.106013 0.298303 0.701961 0.701961 0.701961 1
0.106364 0.298303 0.701961 0.701961 0.701961 1
0.106364 0.29552 0.701961 0.701961 0.701961 1
0.106013 0.29552 0.701961 0.701961 0.701961 1
0.106314 0.298221 0.701961 0.701961 0.701961 1
0.106766 0.298221 0.701961 0.701961 0.701961 1
0.106766 0.295684 0.701961 0.701961 0.701961 1
0.106314 0.295684 0.701961 0.701961 0.701961 1
0.106565 0.298016 0.701961 0.701961 0.701961 1
0.107168 0.298016 0.701961 0.701961 0.701961 1
0.107168 0.295888 0.701961 0.701961 0.701961 1
0.106565 0.295888 0.701961 0.701961 0.701961 1
0.107168 0.297893 0.701961 0.701961 0.701961 1
0.107419 0.297893 0.701961 0.701961 0.701961 1
0.107419 0.296093 0.701961 0.701961 0.701961 1
0.107168 0.296093 0.701961 0.701961 0.701961 1
0.107318 0.297648 0.701961 0.701961 0.701961 1
0.107821 0.297648 0.701961 0.701961 0.701961 1
0.107821 0.296298 0.701961 0.701961 0.701961 1
0.107318 0.296298 0.701961 0.701961 0.701961 1
0.10777 0.297443 0.701961 0.701961 0.701961 1
0.108122 0.297443 0.701961 0.701961 0.701961 1
0.108122 0.29642 0.701961 0.701961 0.701961 1
0.10777 0.29642 0.701961 0.701961 0.701961 1
0.108072 0.297198 0.701961 0.701961 0.701961 1
0.108423 0.297198 0.701961 0.701961 0.701961 1
0.108423 0.296666 0.701961 0.701961 0.701961 1
0.108072 0.296666 0.701961 0.701961 0.701961 1
0.108222 0.297034 0.701961 0.701961 0.701961 1
0.108574 0.297034 0.701961 0.701961 0.701961 1
0.108574 0.296789 0.701961 0.701961 0.701961 1
0.108222 0.296789 0.701961 0.701961 0.701961 1
-0.0193182 0.302154 0.8 0.8 0.8 1
-0.0351273 0.302154 0.8 0.8 0.8 1
-0.0351273 -0.0293081 0.8 0.8 0.8 1
-0.0193182 -0.0293081 0.8 0.8 0.8 1
-0.332592 0.0920722 0.8 0.8 0.8 1
-0.322528 0.0666889 0.8 0.8 0.8 1
-0.0217319 0.279034 0.8 0.8 0.8 1
-0.0317957 0.304418 0.8 0.8 0.8 1
-0.325922 0.093778 0.8 0.8 0.8 1
-0.331033 0.0693617 0.8 0.8 0.8 1
-0.0295031 -0.0318029 0.8 0.8 0.8 1
-0.0243921 -0.00738662 0.8 0.8 0.8 1
-0.0287048 0.277262 0.8 0.8 0.8 1
-0.0622991 0.277262 0.8 0.8 0.8 1
-0.0622991 -0.00638086 0.8 0.8 0.8 1
-0.0287048 -0.00638086 0.8 0.8 0.8 1
-0.0568648 0.259575 0.8 0.8 0.8 1
-0.0805784 0.259575 0.8 0.8 0.8 1
-0.0805784 -0.00507075 0.8 0.8 0.8 1
-0.0568648 -0.00507075 0.8 0.8 0.8 1
-0.0771201 0.244509 0.8 0.8 0.8 1
-0.109232 0.244509 0.8 0.8 0.8 1
-0.109232 0.00868565 0.8 0.8 0.8 1
-0.0771201 0.00868565 0.8 0.8 0.8 1
-0.10528 0.223547 0.8 0.8 0.8 1
-0.145297 0.223547 0.8 0.8 0.8 1
-0.145297 0.0165464 0.8 0.8 0.8 1
-0.10528 0.0165464 0.8 0.8 0.8 1
-0.137886 0.197999 0.8 0.8 0.8 1
-0.177409 0.197999 0.8 0.8 0.8 1
-0.177409 0.0322679 0.8 0.8 0.8 1
-0.137886 0.0322679 0.8 0.8 0.8 1
-0.169504 0.177692 0.8 0.8 0.8 1
-0.196676 0.177692 0.8 0.8 0.8 1
-0.196676 0.0283375 0.8 0.8 0.8 1
-0.169504 0.0283375 0.8 0.8 0.8 1
-0.228294 0.10498 0.8 0.8 0.8 1
-0.230271 0.10498 0.8 0.8 0.8 1
-0.230271 0.103015 0.8 0.8 0.8 1
-0.228294 0.103015 0.8 0.8 0.8 1
-0.156166 0.175727 0.8 0.8 0.8 1
-0.211497 0.175727 0.8 0.8 0.8 1
-0.211497 0.0355433 0.8 0.8 0.8 1
-0.156166 0.0355433 0.8 0.8 0.8 1
-0.178891 0.15542 0.8 0.8 0.8 1
-0.221872 0.15542 0.8 0.8 0.8 1
-0.221872 0.0506097 0.8 0.8 0.8 1
-0.178891 0.0506097 0.8 0.8 0.8 1
-0.186796 0.103015 0.8 0.8 0.8 1
-0.304376 0.103015 0.8 0.8 0.8 1
-0.304376 0.0787775 0.8 0.8 0.8 1
-0.186796 0.0787775 0.8 0.8 0.8 1
-0.213473 0.111531 0.8 0.8 0.8 1
-0.272264 0.111531 0.8 0.8 0.8 1
-0.272264 0.0512648 0.8 0.8 0.8 1
-0.213473 0.0512648 0.8 0.8 0.8 1
-0.209521 0.144284 0.8 0.8 0.8 1
-0.258925 0.144284 0.8 0.8 0.8 1
-0.258925 0.0748471 0.8 0.8 0.8 1
-0.209521 0.0748471 0.8 0.8 0.8 1
-0.256948 0.116771 0.8 0.8 0.8 1
-0.280168 0.116771 0.8 0.8 0.8 1
-0.280168 0.0676414 0.8 0.8 0.8 1
-0.256948 0.0676414 0.8 0.8 0.8 1
-0.0193182 0.311162 0.8 0.8 0.8 1
-0.0215413 0.311162 0.8 0.8 0.8 1
-0.0215413 0.299534 0.8 0.8 0.8 1
-0.0193182 0.299534 0.8 0.8 0.8 1
-0.0280872 0.301008 0.8 0.8 0.8 1
-0.0287048 0.301008 0.8 0.8 0.8 1
-0.0287048 0.300681 0.8 0.8 0.8 1
-0.0280872 0.300681 0.8 0.8 0.8 1
-0.0208003 0.305921 0.8 0.8 0.8 1
-0.0296929 0.305921 0.8 0.8 0.8 1
-0.0296929 0.300353 0.8 0.8 0.8 1
-0.0208003 0.300353 0.8 0.8 0.8 1
-0.0324101 0.29806 0.8 0.8 0.8 1
-0.0335217 0.29806 0.8 0.8 0.8 1
-0.0335217 0.297569 0.8 0.8 0.8 1
-0.0324101 0.297569 0.8 0.8 0.8 1
-0.0285814 0.305921 0.8 0.8 0.8 1
-0.030187 0.305921 0.8 0.8 0.8 1
-0.030187 0.301008 0.8 0.8 0.8 1
-0.0285814 0.301008 0.8 0.8 0.8 1
-0.0193182 0.312963 0.8 0.8 0.8 1
-0.0204298 0.312963 0.8 0.8 0.8 1
-0.0204298 0.310506 0.8 0.8 0.8 1
-0.0193182 0.310506 0.8 0.8 0.8 1
-0.0208003 0.310015 0.8 0.8 0.8 1
-0.0230235 0.310015 0.8 0.8 0.8 1
-0.0230235 0.303956 0.8 0.8 0.8 1
-0.0208003 0.303956 0.8 0.8 0.8 1
-0.0272227 0.30543 0.8 0.8 0.8 1
-0.0315455 0.30543 0.8 0.8 0.8 1
-0.0315455 0.300517 0.8 0.8 0.8 1
-0.0272227 0.300517 0.8 0.8 0.8 1
-0.0216649 0.308869 0.8 0.8 0.8 1
-0.0242586 0.308869 0.8 0.8 0.8 1
-0.0242586 0.302482 0.8 0.8 0.8 1
-0.0216649 0.302482 0.8 0.8 0.8 1
-0.023641 0.307722 0.8 0.8 0.8 1
-0.0291989 0.307722 0.8 0.8 0.8 1
-0.0291989 0.304611 0.8 0.8 0.8 1
-0.023641 0.304611 0.8 0.8 0.8 1
-0.0289519 0.30674 0.8 0.8 0.8 1
-0.0298164 0.30674 0.8 0.8 0.8 1
-0.0298164 0.30543 0.8 0.8 0.8 1
-0.0289519 0.30543 0.8 0.8 0.8 1
-0.0208003 0.31067 0.8 0.8 0.8 1
-0.0280873 0.31067 0.8 0.8 0.8 1
-0.0280873 0.304283 0.8 0.8 0.8 1
-0.0208003 0.304283 0.8 0.8 0.8 1
-0.0200592 0.31198 0.8 0.8 0.8 1
-0.0264817 0.31198 0.8 0.8 0.8 1
-0.0264817 0.308377 0.8 0.8 0.8 1
-0.0200592 0.308377 0.8 0.8 0.8 1
-0.0194417 -0.0281617 0.8 0.8 0.8 1
-0.0298164 -0.0281617 0.8 0.8 0.8 1
-0.0298164 -0.0316008 0.8 0.8 0.8 1
-0.0194417 -0.0316008 0.8 0.8 0.8 1
-0.0193182 -0.0284893 0.8 0.8 0.8 1
-0.0293224 -0.0284893 0.8 0.8 0.8 1
-0.0293224 -0.0324196 0.8 0.8 0.8 1
-0.0193182 -0.0324196 0.8 0.8 0.8 1
-0.0194417 -0.0316008 0.8 0.8 0.8 1
-0.0267287 -0.0316008 0.8 0.8 0.8 1
-0.0267287 -0.0332385 0.8 0.8 0.8 1
-0.0194417 -0.0332385 0.8 0.8 0.8 1
-0.0194417 -0.0322559 0.8 0.8 0.8 1
-0.023641 -0.0322559 0.8 0.8 0.8 1
-0.023641 -0.0337298 0.8 0.8 0.8 1
-0.0194417 -0.0337298 0.8 0.8 0.8 1
-0.0193182 -0.0319284 0.8 0.8 0.8 1
-0.0217883 -0.0319284 0.8 0.8 0.8 1
-0.0217883 -0.0345486 0.8 0.8 0.8 1
-0.0193182 -0.0345486 0.8 0.8 0.8 1
-0.325941 0.090173 0.8 0.8 0.8 1
-0.335198 0.090173 0.8 0.8 0.8 1
-0.335198 0.0725714 0.8 0.8 0.8 1
-0.325941 0.0725714 0.8 0.8 0.8 1
-0.359477 0.0501061 0.8 0.8 0.8 1
-0.360001 0.0501061 0.8 0.8 0.8 1
-0.360001 0.048485 0.8 0.8 0.8 1
-0.359477 0.048485 0.8 0.8 0.8 1
-0.328561 0.0906362 0.8 0.8 0.8 1
-0.332578 0.0906362 0.8 0.8 0.8 1
-0.332578 0.0700238 0.8 0.8 0.8 1
-0.328561 0.0700238 0.8 0.8 0.8 1
-0.331181 0.091331 0.8 0.8 0.8 1
-0.333801 0.091331 0.8 0.8 0.8 1
-0.333801 0.0700238 0.8 0.8 0.8 1
-0.331181 0.0700238 0.8 0.8 0.8 1
-0.334674 0.0894782 0.8 0.8 0.8 1
-0.335897 0.0894782 0.8 0.8 0.8 1
-0.335897 0.0737294 0.8 0.8 0.8 1
-0.334674 0.0737294 0.8 0.8 0.8 1
-0.335722 0.089015 0.8 0.8 0.8 1
-0.337294 0.089015 0.8 0.8 0.8 1
-0.337294 0.0746558 0.8 0.8 0.8 1
-0.335722 0.0746558 0.8 0.8 0.8 1
-0.336595 0.087857 0.8 0.8 0.8 1
-0.338691 0.087857 0.8 0.8 0.8 1
-0.338691 0.0758138 0.8 0.8 0.8 1
-0.336595 0.0758138 0.8 0.8 0.8 1
-0.338692 0.0871622 0.8 0.8 0.8 1
-0.339565 0.0871622 0.8 0.8 0.8 1
-0.339565 0.0769718 0.8 0.8 0.8 1
-0.338692 0.0769718 0.8 0.8 0.8 1
-0.339215 0.0857726 0.8 0.8 0.8 1
-0.340962 0.0857726 0.8 0.8 0.8 1
-0.340962 0.0781298 0.8 0.8 0.8 1
-0.339215 0.0781298 0.8 0.8 0.8 1
-0.340787 0.0846146 0.8 0.8 0.8 1
-0.34201 0.0846146 0.8 0.8 0.8 1
-0.34201 0.0788246 0.8 0.8 0.8 1
-0.340787 0.0788246 0.8 0.8 0.8 1
-0.341835 0.083225 0.8 0.8 0.8 1
-0.343058 0.083225 0.8 0.8 0.8 1
-0.343058 0.0802142 0.8 0.8 0.8 1
-0.341835 0.0802142 0.8 0.8 0.8 1
-0.34236 0.0822986 0.8 0.8 0.8 1
-0.343582 0.0822986 0.8 0.8 0.8 1
-0.343582 0.080909 0.8 0.8 0.8 1
-0.34236 0.080909 0.8 0.8 0.8 1
0.0189926 0.242123 0.8 0.8 0.8 1
0.0350224 0.242098 0.8 0.8 0.8 1
0.0345133 -0.0337887 0.8 0.8 0.8 1
0.0184834 -0.0337638 0.8 0.8 0.8 1
0.336318 0.0667696 0.8 0.8 0.8 1
0.326075 0.0456582 0.8 0.8 0.8 1
0.0214046 0.222876 0.8 0.8 0.8 1
0.0316479 0.243987 0.8 0.8 0.8 1
0.329557 0.0682003 0.8 0.8 0.8 1
0.334702 0.0478697 0.8 0.8 0.8 1
0.0288068 -0.0358561 0.8 0.8 0.8 1
0.0236619 -0.0155255 0.8 0.8 0.8 1
0.028472 0.22139 0.8 0.8 0.8 1
0.0625354 0.221337 0.8 0.8 0.8 1
0.0620998 -0.0147486 0.8 0.8 0.8 1
0.0280363 -0.0146956 0.8 0.8 0.8 1
0.0569981 0.206624 0.8 0.8 0.8 1
0.0810428 0.206586 0.8 0.8 0.8 1
0.0806363 -0.013687 0.8 0.8 0.8 1
0.0565916 -0.0136495 0.8 0.8 0.8 1
0.0775131 0.194052 0.8 0.8 0.8 1
0.110074 0.194001 0.8 0.8 0.8 1
0.109711 -0.00228262 0.8 0.8 0.8 1
0.0771508 -0.00223178 0.8 0.8 0.8 1
0.106034 0.17656 0.8 0.8 0.8 1
0.14661 0.176496 0.8 0.8 0.8 1
0.146292 0.00420323 0.8 0.8 0.8 1
0.105716 0.00426647 0.8 0.8 0.8 1
0.139056 0.155244 0.8 0.8 0.8 1
0.179131 0.155181 0.8 0.8 0.8 1
0.178876 0.017238 0.8 0.8 0.8 1
0.138802 0.0173005 0.8 0.8 0.8 1
0.171085 0.138292 0.8 0.8 0.8 1
0.198636 0.138249 0.8 0.8 0.8 1
0.198407 0.0139361 0.8 0.8 0.8 1
0.170855 0.0139791 0.8 0.8 0.8 1
0.230584 0.0776783 0.8 0.8 0.8 1
0.232588 0.0776751 0.8 0.8 0.8 1
0.232585 0.0760395 0.8 0.8 0.8 1
0.230581 0.0760426 0.8 0.8 0.8 1
0.157557 0.136677 0.8 0.8 0.8 1
0.213661 0.13659 0.8 0.8 0.8 1
0.213446 0.0199102 0.8 0.8 0.8 1
0.157341 0.0199977 0.8 0.8 0.8 1
0.180568 0.119739 0.8 0.8 0.8 1
0.224149 0.119671 0.8 0.8 0.8 1
0.223988 0.0324342 0.8 0.8 0.8 1
0.180407 0.0325021 0.8 0.8 0.8 1
0.188503 0.0761082 0.8 0.8 0.8 1
0.307725 0.0759223 0.8 0.8 0.8 1
0.307688 0.0557488 0.8 0.8 0.8 1
0.188466 0.0559346 0.8 0.8 0.8 1
0.215566 0.083154 0.8 0.8 0.8 1
0.275177 0.0830611 0.8 0.8 0.8 1
0.275085 0.0328998 0.8 0.8 0.8 1
0.215474 0.0329927 0.8 0.8 0.8 1
0.211609 0.110422 0.8 0.8 0.8 1
0.261702 0.110344 0.8 0.8 0.8 1
0.261596 0.0525492 0.8 0.8 0.8 1
0.211502 0.0526273 0.8 0.8 0.8 1
0.259656 0.0874472 0.8 0.8 0.8 1
0.2832 0.0874104 0.8 0.8 0.8 1
0.283125 0.0465181 0.8 0.8 0.8 1
0.259581 0.0465548 0.8 0.8 0.8 1
0.0190064 0.24962 0.8 0.8 0.8 1
0.0212606 0.249617 0.8 0.8 0.8 1
0.0212427 0.239939 0.8 0.8 0.8 1
0.0189885 0.239942 0.8 0.8 0.8 1
0.0278823 0.241155 0.8 0.8 0.8 1
0.0285085 0.241154 0.8 0.8 0.8 1
0.028508 0.240882 0.8 0.8 0.8 1
0.0278818 0.240883 0.8 0.8 0.8 1
0.0205011 0.245256 0.8 0.8 0.8 1
0.0295179 0.245242 0.8 0.8 0.8 1
0.0295094 0.240607 0.8 0.8 0.8 1
0.0204926 0.240622 0.8 0.8 0.8 1
0.032261 0.238695 0.8 0.8 0.8 1
0.0333881 0.238693 0.8 0.8 0.8 1
0.0333874 0.238284 0.8 0.8 0.8 1
0.0322602 0.238286 0.8 0.8 0.8 1
0.0283908 0.245244 0.8 0.8 0.8 1
0.0300189 0.245241 0.8 0.8 0.8 1
0.0300114 0.241152 0.8 0.8 0.8 1
0.0283833 0.241154 0.8 0.8 0.8 1
0.0190092 0.25112 0.8 0.8 0.8 1
0.0201363 0.251118 0.8 0.8 0.8 1
0.0201325 0.249073 0.8 0.8 0.8 1
0.0190054 0.249075 0.8 0.8 0.8 1
0.0205075 0.248664 0.8 0.8 0.8 1
0.0227616 0.24866 0.8 0.8 0.8 1
0.0227523 0.243617 0.8 0.8 0.8 1
0.0204982 0.24362 0.8 0.8 0.8 1
0.0270125 0.244837 0.8 0.8 0.8 1
0.0313956 0.24483 0.8 0.8 0.8 1
0.031388 0.240741 0.8 0.8 0.8 1
0.0270049 0.240748 0.8 0.8 0.8 1
0.0213823 0.247708 0.8 0.8 0.8 1
0.0240121 0.247704 0.8 0.8 0.8 1
0.0240023 0.242388 0.8 0.8 0.8 1
0.0213724 0.242392 0.8 0.8 0.8 1
0.0233842 0.246751 0.8 0.8 0.8 1
0.0290197 0.246742 0.8 0.8 0.8 1
0.0290149 0.244152 0.8 0.8 0.8 1
0.0233794 0.244161 0.8 0.8 0.8 1
0.0287678 0.245925 0.8 0.8 0.8 1
0.0296444 0.245923 0.8 0.8 0.8 1
0.0296423 0.244833 0.8 0.8 0.8 1
0.0287657 0.244834 0.8 0.8 0.8 1
0.0205084 0.249209 0.8 0.8 0.8 1
0.0278972 0.249197 0.8 0.8 0.8 1
0.0278873 0.243881 0.8 0.8 0.8 1
0.0204986 0.243893 0.8 0.8 0.8 1
0.019759 0.250301 0.8 0.8 0.8 1
0.0262711 0.25029 0.8 0.8 0.8 1
0.0262656 0.247292 0.8 0.8 0.8 1
0.0197535 0.247302 0.8 0.8 0.8 1
0.0186104 -0.0328098 0.8 0.8 0.8 1
0.02913 -0.0328262 0.8 0.8 0.8 1
0.0291247 -0.0356887 0.8 0.8 0.8 1
0.0186052 -0.0356723 0.8 0.8 0.8 1
0.0184847 -0.0330822 0.8 0.8 0.8 1
0.0286285 -0.033098 0.8 0.8 0.8 1
0.0286225 -0.0363695 0.8 0.8 0.8 1
0.0184786 -0.0363536 0.8 0.8 0.8 1
0.0186052 -0.0356722 0.8 0.8 0.8 1
0.0259939 -0.0356838 0.8 0.8 0.8 1
0.0259913 -0.0370468 0.8 0.8 0.8 1
0.0186026 -0.0370353 0.8 0.8 0.8 1
0.0186042 -0.0362175 0.8 0.8 0.8 1
0.0228621 -0.0362241 0.8 0.8 0.8 1
0.0228598 -0.0374509 0.8 0.8 0.8 1
0.0186018 -0.0374442 0.8 0.8 0.8 1
0.0184794 -0.0359446 0.8 0.8 0.8 1
0.0209841 -0.0359485 0.8 0.8 0.8 1
0.0209801 -0.0381294 0.8 0.8 0.8 1
0.0184754 -0.0381255 0.8 0.8 0.8 1
0.329571 0.0651994 0.8 0.8 0.8 1
0.338958 0.0651848 0.8 0.8 0.8 1
0.338931 0.0505344 0.8 0.8 0.8 1
0.329544 0.0505491 0.8 0.8 0.8 1
0.363514 0.0317975 0.8 0.8 0.8 1
0.364045 0.0317967 0.8 0.8 0.8 1
0.364043 0.0304473 0.8 0.8 0.8 1
0.363512 0.0304481 0.8 0.8 0.8 1
0.332229 0.0655808 0.8 0.8 0.8 1
0.336302 0.0655744 0.8 0.8 0.8 1
0.33627 0.048418 0.8 0.8 0.8 1
0.332197 0.0484244 0.8 0.8 0.8 1
0.334886 0.0661551 0.8 0.8 0.8 1
0.337543 0.0661509 0.8 0.8 0.8 1
0.33751 0.0484163 0.8 0.8 0.8 1
0.334854 0.0484204 0.8 0.8 0.8 1
0.338425 0.0646073 0.8 0.8 0.8 1
0.339665 0.0646054 0.8 0.8 0.8 1
0.339641 0.0514971 0.8 0.8 0.8 1
0.338401 0.051499 0.8 0.8 0.8 1
0.339488 0.0642201 0.8 0.8 0.8 1
0.341082 0.0642176 0.8 0.8 0.8 1
0.341059 0.052266 0.8 0.8 0.8 1
0.339465 0.0522685 0.8 0.8 0.8 1
0.340371 0.0632549 0.8 0.8 0.8 1
0.342496 0.0632516 0.8 0.8 0.8 1
0.342478 0.0532276 0.8 0.8 0.8 1
0.340353 0.0532309 0.8 0.8 0.8 1
0.342495 0.0626734 0.8 0.8 0.8 1
0.343381 0.062672 0.8 0.8 0.8 1
0.343365 0.0541902 0.8 0.8 0.8 1
0.34248 0.0541915 0.8 0.8 0.8 1
0.343024 0.0615159 0.8 0.8 0.8 1
0.344796 0.0615131 0.8 0.8 0.8 1
0.344784 0.0551517 0.8 0.8 0.8 1
0.343013 0.0551545 0.8 0.8 0.8 1
0.344617 0.0605495 0.8 0.8 0.8 1
0.345857 0.0605476 0.8 0.8 0.8 1
0.345848 0.0557284 0.8 0.8 0.8 1
0.344608 0.0557303 0.8 0.8 0.8 1
0.345677 0.0593913 0.8 0.8 0.8 1
0.346917 0.0593893 0.8 0.8 0.8 1
0.346912 0.0568833 0.8 0.8 0.8 1
0.345672 0.0568852 0.8 0.8 0.8 1
0.346207 0.0586194 0.8 0.8 0.8 1
0.347447 0.0586175 0.8 0.8 0.8 1
0.347445 0.0574609 0.8 0.8 0.8 1
0.346205 0.0574628 0.8 0.8 0.8 1
0.0159091 0.251852 0.8 0.8 0.8 1
0.025 0.251852 0.8 0.8 0.8 1
0.025 -0.0384259 0.8 0.8 0.8 1
0.0159091 -0.0384259 0.8 0.8 0.8 1
0.333864 0.0667334 0.8 0.8 0.8 1
0.336475 0.0667334 0.8 0.8 0.8 1
0.336475 0.0480736 0.8 0.8 0.8 1
0.333864 0.0480736 0.8 0.8 0.8 1
0.336274 0.0664879 0.8 0.8 0.8 1
0.337982 0.0664879 0.8 0.8 0.8 1
0.337982 0.0486465 0.8 0.8 0.8 1
0.336274 0.0486465 0.8 0.8 0.8 1
0.337881 0.0660787 0.8 0.8 0.8 1
0.339187 0.0660787 0.8 0.8 0.8 1
0.339187 0.0493013 0.8 0.8 0.8 1
0.337881 0.0493013 0.8 0.8 0.8 1
0.338986 0.0655058 0.8 0.8 0.8 1
0.340292 0.0655058 0.8 0.8 0.8 1
0.340292 0.0498742 0.8 0.8 0.8 1
0.338986 0.0498742 0.8 0.8 0.8 1
0.340091 0.0650147 0.8 0.8 0.8 1
0.341296 0.0650147 0.8 0.8 0.8 1
0.341296 0.0507744 0.8 0.8 0.8 1
0.340091 0.0507744 0.8 0.8 0.8 1
0.340694 0.0646874 0.8 0.8 0.8 1
0.342301 0.0646874 0.8 0.8 0.8 1
0.342301 0.0511018 0.8 0.8 0.8 1
0.340694 0.0511018 0.8 0.8 0.8 1
0.341799 0.06436 0.8 0.8 0.8 1
0.343004 0.06436 0.8 0.8 0.8 1
0.343004 0.0516747 0.8 0.8 0.8 1
0.341799 0.0516747 0.8 0.8 0.8 1
0.347624 0.0541299 0.8 0.8 0.8 1
0.347725 0.0541299 0.8 0.8 0.8 1
0.347725 0.0537207 0.8 0.8 0.8 1
0.347624 0.0537207 0.8 0.8 0.8 1
0.342301 0.0637871 0.8 0.8 0.8 1
0.343908 0.0637871 0.8 0.8 0.8 1
0.343908 0.0521657 0.8 0.8 0.8 1
0.342301 0.0521657 0.8 0.8 0.8 1
0.343406 0.0634598 0.8 0.8 0.8 1
0.345113 0.0634598 0.8 0.8 0.8 1
0.345113 0.0527386 0.8 0.8 0.8 1
0.343406 0.0527386 0.8 0.8 0.8 1
0.344611 0.0629687 0.8 0.8 0.8 1
0.346318 0.0629687 0.8 0.8 0.8 1
0.346318 0.0533115 0.8 0.8 0.8 1
0.344611 0.0533115 0.8 0.8 0.8 1
0.350336 0.0565851 0.8 0.8 0.8 1
0.350738 0.0565851 0.8 0.8 0.8 1
0.350738 0.0562578 0.8 0.8 0.8 1
0.350336 0.0562578 0.8 0.8 0.8 1
0.345917 0.0627232 0.8 0.8 0.8 1
0.347222 0.0627232 0.8 0.8 0.8 1
0.347222 0.0537207 0.8 0.8 0.8 1
0.345917 0.0537207 0.8 0.8 0.8 1
0.34662 0.0619048 0.8 0.8 0.8 1
0.348126 0.0619048 0.8 0.8 0.8 1
0.348126 0.0548665 0.8 0.8 0.8 1
0.34662 0.0548665 0.8 0.8 0.8 1
0.347925 0.0614137 0.8 0.8 0.8 1
0.348729 0.0614137 0.8 0.8 0.8 1
0.348729 0.055603 0.8 0.8 0.8 1
0.347925 0.055603 0.8 0.8 0.8 1
0.348428 0.0611682 0.8 0.8 0.8 1
0.349633 0.0611682 0.8 0.8 0.8 1
0.349633 0.0560122 0.8 0.8 0.8 1
0.348428 0.0560122 0.8 0.8 0.8 1
0.349231 0.0605953 0.8 0.8 0.8 1
0.350437 0.0605953 0.8 0.8 0.8 1
0.350437 0.0567488 0.8 0.8 0.8 1
0.349231 0.0567488 0.8 0.8 0.8 1
0.349934 0.0603498 0.8 0.8 0.8 1
0.35114 0.0603498 0.8 0.8 0.8 1
0.35114 0.0572398 0.8 0.8 0.8 1
0.349934 0.0572398 0.8 0.8 0.8 1
0.350838 0.0598588 0.8 0.8 0.8 1
0.351742 0.0598588 0.8 0.8 0.8 1
0.351742 0.0578127 0.8 0.8 0.8 1
0.350838 0.0578127 0.8 0.8 0.8 1
0.351642 0.0594496 0.8 0.8 0.8 1
0.352345 0.0594496 0.8 0.8 0.8 1
0.352345 0.0582219 0.8 0.8 0.8 1
0.351642 0.0582219 0.8 0.8 0.8 1
-0.0184082 0.198956 0.92549 0.92549 0.92549 1
-0.0346392 0.198956 0.92549 0.92549 0.92549 1
-0.0346392 -0.0318258 0.92549 0.92549 0.92549 1
-0.0184082 -0.0318258 0.92549 0.92549 0.92549 1
-0.340042 0.0526856 0.92549 0.92549 0.92549 1
-0.329709 0.0350124 0.92549 0.92549 0.92549 1
-0.0208863 0.182859 0.92549 0.92549 0.92549 1
-0.0312187 0.200532 0.92549 0.92549 0.92549 1
-0.333193 0.0538732 0.92549 0.92549 0.92549 1
-0.338441 0.0368733 0.92549 0.92549 0.92549 1
-0.028865 -0.0335628 0.92549 0.92549 0.92549 1
-0.0236176 -0.0165629 0.92549 0.92549 0.92549 1
-0.0280454 0.181625 0.92549 0.92549 0.92549 1
-0.0625361 0.181625 0.92549 0.92549 0.92549 1
-0.0625361 -0.0158626 0.92549 0.92549 0.92549 1
-0.0280454 -0.0158626 0.92549 0.92549 0.92549 1
-0.0569567 0.16931 0.92549 0.92549 0.92549 1
-0.0813031 0.16931 0.92549 0.92549 0.92549 1
-0.0813031 -0.0149505 0.92549 0.92549 0.92549 1
-0.0569567 -0.0149505 0.92549 0.92549 0.92549 1
-0.0777526 0.15882 0.92549 0.92549 0.92549 1
-0.110722 0.15882 0.92549 0.92549 0.92549 1
-0.110722 -0.00537252 0.92549 0.92549 0.92549 1
-0.0777526 -0.00537252 0.92549 0.92549 0.92549 1
-0.106664 0.144225 0.92549 0.92549 0.92549 1
-0.147749 0.144225 0.92549 0.92549 0.92549 1
-0.147749 0.000100583 0.92549 0.92549 0.92549 1
-0.106664 0.000100583 0.92549 0.92549 0.92549 1
-0.14014 0.126438 0.92549 0.92549 0.92549 1
-0.180718 0.126438 0.92549 0.92549 0.92549 1
-0.180718 0.0110467 0.92549 0.92549 0.92549 1
-0.14014 0.0110467 0.92549 0.92549 0.92549 1
-0.172602 0.112299 0.92549 0.92549 0.92549 1
-0.200499 0.112299 0.92549 0.92549 0.92549 1
-0.200499 0.00831017 0.92549 0.92549 0.92549 1
-0.172602 0.00831017 0.92549 0.92549 0.92549 1
-0.232961 0.0616729 0.92549 0.92549 0.92549 1
-0.23499 0.0616729 0.92549 0.92549 0.92549 1
-0.23499 0.0603046 0.92549 0.92549 0.92549 1
-0.232961 0.0603046 0.92549 0.92549 0.92549 1
-0.158907 0.110931 0.92549 0.92549 0.92549 1
-0.215716 0.110931 0.92549 0.92549 0.92549 1
-0.215716 0.0133273 0.92549 0.92549 0.92549 1
-0.158907 0.0133273 0.92549 0.92549 0.92549 1
-0.182239 0.0967918 0.92549 0.92549 0.92549 1
-0.226367 0.0967918 0.92549 0.92549 0.92549 1
-0.226367 0.0238174 0.92549 0.92549 0.92549 1
-0.182239 0.0238174 0.92549 0.92549 0.92549 1
-0.190355 0.0603046 0.92549 0.92549 0.92549 1
-0.311072 0.0603046 0.92549 0.92549 0.92549 1
-0.311072 0.0434293 0.92549 0.92549 0.92549 1
-0.190355 0.0434293 0.92549 0.92549 0.92549 1
-0.217744 0.0662337 0.92549 0.92549 0.92549 1
-0.278103 0.0662337 0.92549 0.92549 0.92549 1
-0.278103 0.0242734 0.92549 0.92549 0.92549 1
-0.217744 0.0242734 0.92549 0.92549 0.92549 1
-0.213687 0.0890383 0.92549 0.92549 0.92549 1
-0.264408 0.0890383 0.92549 0.92549 0.92549 1
-0.264408 0.0406927 0.92549 0.92549 0.92549 1
-0.213687 0.0406927 0.92549 0.92549 0.92549 1
-0.262379 0.0698824 0.92549 0.92549 0.92549 1
-0.286219 0.0698824 0.92549 0.92549 0.92549 1
-0.286219 0.0356756 0.92549 0.92549 0.92549 1
-0.262379 0.0356756 0.92549 0.92549 0.92549 1
-0.0184082 0.205227 0.92549 0.92549 0.92549 1
-0.0206907 0.205227 0.92549 0.92549 0.92549 1
-0.0206907 0.197132 0.92549 0.92549 0.92549 1
-0.0184082 0.197132 0.92549 0.92549 0.92549 1
-0.0274113 0.198158 0.92549 0.92549 0.92549 1
-0.0280453 0.198158 0.92549 0.92549 0.92549 1
-0.0280453 0.19793 0.92549 0.92549 0.92549 1
-0.0274113 0.19793 0.92549 0.92549 0.92549 1
-0.0199299 0.201579 0.92549 0.92549 0.92549 1
-0.0290598 0.201579 0.92549 0.92549 0.92549 1
-0.0290598 0.197702 0.92549 0.92549 0.92549 1
-0.0199299 0.197702 0.92549 0.92549 0.92549 1
-0.0318495 0.196105 0.92549 0.92549 0.92549 1
-0.0329907 0.196105 0.92549 0.92549 0.92549 1
-0.0329907 0.195763 0.92549 0.92549 0.92549 1
-0.0318495 0.195763 0.92549 0.92549 0.92549 1
-0.0279186 0.201579 0.92549 0.92549 0.92549 1
-0.0295671 0.201579 0.92549 0.92549 0.92549 1
-0.0295671 0.198158 0.92549 0.92549 0.92549 1
-0.0279186 0.198158 0.92549 0.92549 0.92549 1
-0.0184082 0.206481 0.92549 0.92549 0.92549 1
-0.0195495 0.206481 0.92549 0.92549 0.92549 1
-0.0195495 0.204771 0.92549 0.92549 0.92549 1
-0.0184082 0.204771 0.92549 0.92549 0.92549 1
-0.0199299 0.204429 0.92549 0.92549 0.92549 1
-0.0222124 0.204429 0.92549 0.92549 0.92549 1
-0.0222124 0.20021 0.92549 0.92549 0.92549 1
-0.0199299 0.20021 0.92549 0.92549 0.92549 1
-0.0265236 0.201236 0.92549 0.92549 0.92549 1
-0.0309618 0.201236 0.92549 0.92549 0.92549 1
-0.0309618 0.197816 0.92549 0.92549 0.92549 1
-0.0265236 0.197816 0.92549 0.92549 0.92549 1
-0.0208176 0.203631 0.92549 0.92549 0.92549 1
-0.0234805 0.203631 0.92549 0.92549 0.92549 1
-0.0234805 0.199184 0.92549 0.92549 0.92549 1
-0.0208176 0.199184 0.92549 0.92549 0.92549 1
-0.0228464 0.202833 0.92549 0.92549 0.92549 1
-0.0285526 0.202833 0.92549 0.92549 0.92549 1
-0.0285526 0.200666 0.92549 0.92549 0.92549 1
-0.0228464 0.200666 0.92549 0.92549 0.92549 1
-0.028299 0.202149 0.92549 0.92549 0.92549 1
-0.0291867 0.202149 0.92549 0.92549 0.92549 1
-0.0291867 0.201236 0.92549 0.92549 0.92549 1
-0.028299 0.201236 0.92549 0.92549 0.92549 1
-0.0199299 0.204885 0.92549 0.92549 0.92549 1
-0.0274114 0.204885 0.92549 0.92549 0.92549 1
-0.0274114 0.200438 0.92549 0.92549 0.92549 1
-0.0199299 0.200438 0.92549 0.92549 0.92549 1
-0.0191691 0.205797 0.92549 0.92549 0.92549 1
-0.0257629 0.205797 0.92549 0.92549 0.92549 1
-0.0257629 0.203289 0.92549 0.92549 0.92549 1
-0.0191691 0.203289 0.92549 0.92549 0.92549 1
-0.018535 -0.0310277 0.92549 0.92549 0.92549 1
-0.0291865 -0.0310277 0.92549 0.92549 0.92549 1
-0.0291865 -0.0334222 0.92549 0.92549 0.92549 1
-0.018535 -0.0334222 0.92549 0.92549 0.92549 1
-0.0184082 -0.0312558 0.92549 0.92549 0.92549 1
-0.0286794 -0.0312558 0.92549 0.92549 0.92549 1
-0.0286794 -0.0339923 0.92549 0.92549 0.92549 1
-0.0184082 -0.0339923 0.92549 0.92549 0.92549 1
-0.018535 -0.0334222 0.92549 0.92549 0.92549 1
-0.0260164 -0.0334222 0.92549 0.92549 0.92549 1
-0.0260164 -0.0345624 0.92549 0.92549 0.92549 1
-0.018535 -0.0345624 0.92549 0.92549 0.92549 1
-0.018535 -0.0338783 0.92549 0.92549 0.92549 1
-0.0228463 -0.0338783 0.92549 0.92549 0.92549 1
-0.0228463 -0.0349044 0.92549 0.92549 0.92549 1
-0.018535 -0.0349044 0.92549 0.92549 0.92549 1
-0.0184082 -0.0336502 0.92549 0.92549 0.92549 1
-0.0209443 -0.0336502 0.92549 0.92549 0.92549 1
-0.0209443 -0.0354745 0.92549 0.92549 0.92549 1
-0.0184082 -0.0354745 0.92549 0.92549 0.92549 1
-0.333213 0.0513633 0.92549 0.92549 0.92549 1
-0.342717 0.0513633 0.92549 0.92549 0.92549 1
-0.342717 0.0391082 0.92549 0.92549 0.92549 1
-0.333213 0.0391082 0.92549 0.92549 0.92549 1
-0.367644 0.0234666 0.92549 0.92549 0.92549 1
-0.368182 0.0234666 0.92549 0.92549 0.92549 1
-0.368182 0.0223379 0.92549 0.92549 0.92549 1
-0.367644 0.0223379 0.92549 0.92549 0.92549 1
-0.335903 0.0516859 0.92549 0.92549 0.92549 1
-0.340027 0.0516859 0.92549 0.92549 0.92549 1
-0.340027 0.0373344 0.92549 0.92549 0.92549 1
-0.335903 0.0373344 0.92549 0.92549 0.92549 1
-0.338593 0.0521695 0.92549 0.92549 0.92549 1
-0.341283 0.0521695 0.92549 0.92549 0.92549 1
-0.341283 0.0373343 0.92549 0.92549 0.92549 1
-0.338593 0.0373343 0.92549 0.92549 0.92549 1
-0.342179 0.0508795 0.92549 0.92549 0.92549 1
-0.343435 0.0508795 0.92549 0.92549 0.92549 1
-0.343435 0.0399143 0.92549 0.92549 0.92549 1
-0.342179 0.0399143 0.92549 0.92549 0.92549 1
-0.343255 0.050557 0.92549 0.92549 0.92549 1
-0.344869 0.050557 0.92549 0.92549 0.92549 1
-0.344869 0.0405593 0.92549 0.92549 0.92549 1
-0.343255 0.0405593 0.92549 0.92549 0.92549 1
-0.344152 0.0497507 0.92549 0.92549 0.92549 1
-0.346304 0.0497507 0.92549 0.92549 0.92549 1
-0.346304 0.0413656 0.92549 0.92549 0.92549 1
-0.344152 0.0413656 0.92549 0.92549 0.92549 1
-0.346304 0.0492671 0.92549 0.92549 0.92549 1
-0.3472 0.0492671 0.92549 0.92549 0.92549 1
-0.3472 0.042172 0.92549 0.92549 0.92549 1
-0.346304 0.042172 0.92549 0.92549 0.92549 1
-0.346842 0.0482994 0.92549 0.92549 0.92549 1
-0.348635 0.0482994 0.92549 0.92549 0.92549 1
-0.348635 0.0429781 0.92549 0.92549 0.92549 1
-0.346842 0.0429781 0.92549 0.92549 0.92549 1
-0.348456 0.0474932 0.92549 0.92549 0.92549 1
-0.349711 0.0474932 0.92549 0.92549 0.92549 1
-0.349711 0.0434619 0.92549 0.92549 0.92549 1
-0.348456 0.0434619 0.92549 0.92549 0.92549 1
-0.349532 0.0465256 0.92549 0.92549 0.92549 1
-0.350787 0.0465256 0.92549 0.92549 0.92549 1
-0.350787 0.0444294 0.92549 0.92549 0.92549 1
-0.349532 0.0444294 0.92549 0.92549 0.92549 1
-0.35007 0.0458807 0.92549 0.92549 0.92549 1
-0.351325 0.0458807 0.92549 0.92549 0.92549 1
-0.351325 0.0449132 0.92549 0.92549 0.92549 1
-0.35007 0.0449132 0.92549 0.92549 0.92549 1
0.0168191 0.136157 0.92549 0.92549 0.92549 1
0.0317527 0.136157 0.92549 0.92549 0.92549 1
0.0317527 -0.0328032 0.92549 0.92549 0.92549 1
0.0168191 -0.0328032 0.92549 0.92549 0.92549 1
0.312745 0.0290694 0.92549 0.92549 0.92549 1
0.303239 0.0161304 0.92549 0.92549 0.92549 1
0.0190991 0.124372 0.92549 0.92549 0.92549 1
0.0286056 0.137311 0.92549 0.92549 0.92549 1
0.306444 0.0299388 0.92549 0.92549 0.92549 1
0.311272 0.0174928 0.92549 0.92549 0.92549 1
0.0264401 -0.034075 0.92549 0.92549 0.92549 1
0.0216121 -0.0216289 0.92549 0.92549 0.92549 1
0.0256859 0.123468 0.92549 0.92549 0.92549 1
0.05742 0.123468 0.92549 0.92549 0.92549 1
0.05742 -0.0211162 0.92549 0.92549 0.92549 1
0.0256859 -0.0211162 0.92549 0.92549 0.92549 1
0.0522865 0.114453 0.92549 0.92549 0.92549 1
0.074687 0.114453 0.92549 0.92549 0.92549 1
0.074687 -0.0204484 0.92549 0.92549 0.92549 1
0.0522865 -0.0204484 0.92549 0.92549 0.92549 1
0.0714203 0.106773 0.92549 0.92549 0.92549 1
0.101754 0.106773 0.92549 0.92549 0.92549 1
0.101754 -0.0134362 0.92549 0.92549 0.92549 1
0.0714203 -0.0134362 0.92549 0.92549 0.92549 1
0.0980208 0.0960875 0.92549 0.92549 0.92549 1
0.135822 0.0960875 0.92549 0.92549 0.92549 1
0.135822 -0.00942928 0.92549 0.92549 0.92549 1
0.0980208 -0.00942928 0.92549 0.92549 0.92549 1
0.128821 0.0830649 0.92549 0.92549 0.92549 1
0.166156 0.0830649 0.92549 0.92549 0.92549 1
0.166156 -0.00141525 0.92549 0.92549 0.92549 1
0.128821 -0.00141525 0.92549 0.92549 0.92549 1
0.158689 0.0727135 0.92549 0.92549 0.92549 1
0.184356 0.0727135 0.92549 0.92549 0.92549 1
0.184356 -0.00341874 0.92549 0.92549 0.92549 1
0.158689 -0.00341874 0.92549 0.92549 0.92549 1
0.214223 0.0356492 0.92549 0.92549 0.92549 1
0.21609 0.0356492 0.92549 0.92549 0.92549 1
0.21609 0.0346474 0.92549 0.92549 0.92549 1
0.214223 0.0346474 0.92549 0.92549 0.92549 1
0.146089 0.0717118 0.92549 0.92549 0.92549 1
0.198356 0.0717118 0.92549 0.92549 0.92549 1
0.198356 0.000254303 0.92549 0.92549 0.92549 1
0.146089 0.000254303 0.92549 0.92549 0.92549 1
0.167556 0.0613605 0.92549 0.92549 0.92549 1
0.208156 0.0613605 0.92549 0.92549 0.92549 1
0.208156 0.0079343 0.92549 0.92549 0.92549 1
0.167556 0.0079343 0.92549 0.92549 0.92549 1
0.175022 0.0346474 0.92549 0.92549 0.92549 1
0.286091 0.0346474 0.92549 0.92549 0.92549 1
0.286091 0.0222926 0.92549 0.92549 0.92549 1
0.175022 0.0222926 0.92549 0.92549 0.92549 1
0.200223 0.0389882 0.92549 0.92549 0.92549 1
0.255757 0.0389882 0.92549 0.92549 0.92549 1
0.255757 0.00826818 0.92549 0.92549 0.92549 1
0.200223 0.00826818 0.92549 0.92549 0.92549 1
0.19649 0.055684 0.92549 0.92549 0.92549 1
0.243157 0.055684 0.92549 0.92549 0.92549 1
0.243157 0.0202891 0.92549 0.92549 0.92549 1
0.19649 0.0202891 0.92549 0.92549 0.92549 1
0.241291 0.0416595 0.92549 0.92549 0.92549 1
0.263224 0.0416595 0.92549 0.92549 0.92549 1
0.263224 0.016616 0.92549 0.92549 0.92549 1
0.241291 0.016616 0.92549 0.92549 0.92549 1
0.0168191 0.140748 0.92549 0.92549 0.92549 1
0.0189191 0.140748 0.92549 0.92549 0.92549 1
0.0189191 0.134821 0.92549 0.92549 0.92549 1
0.0168191 0.134821 0.92549 0.92549 0.92549 1
0.0251026 0.135573 0.92549 0.92549 0.92549 1
0.0256859 0.135573 0.92549 0.92549 0.92549 1
0.0256859 0.135406 0.92549 0.92549 0.92549 1
0.0251026 0.135406 0.92549 0.92549 0.92549 1
0.0182191 0.138077 0.92549 0.92549 0.92549 1
0.0266193 0.138077 0.92549 0.92549 0.92549 1
0.0266193 0.135239 0.92549 0.92549 0.92549 1
0.0182191 0.135239 0.92549 0.92549 0.92549 1
0.0291861 0.13407 0.92549 0.92549 0.92549 1
0.0302361 0.13407 0.92549 0.92549 0.92549 1
0.0302361 0.13382 0.92549 0.92549 0.92549 1
0.0291861 0.13382 0.92549 0.92549 0.92549 1
0.0255694 0.138077 0.92549 0.92549 0.92549 1
0.0270861 0.138077 0.92549 0.92549 0.92549 1
0.0270861 0.135573 0.92549 0.92549 0.92549 1
0.0255694 0.135573 0.92549 0.92549 0.92549 1
0.0168191 0.141667 0.92549 0.92549 0.92549 1
0.0178691 0.141667 0.92549 0.92549 0.92549 1
0.0178691 0.140414 0.92549 0.92549 0.92549 1
0.0168191 0.140414 0.92549 0.92549 0.92549 1
0.0182191 0.140164 0.92549 0.92549 0.92549 1
0.0203192 0.140164 0.92549 0.92549 0.92549 1
0.0203192 0.137075 0.92549 0.92549 0.92549 1
0.0182191 0.137075 0.92549 0.92549 0.92549 1
0.0242859 0.137827 0.92549 0.92549 0.92549 1
0.0283693 0.137827 0.92549 0.92549 0.92549 1
0.0283693 0.135322 0.92549 0.92549 0.92549 1
0.0242859 0.135322 0.92549 0.92549 0.92549 1
0.0190359 0.13958 0.92549 0.92549 0.92549 1
0.0214859 0.13958 0.92549 0.92549 0.92549 1
0.0214859 0.136324 0.92549 0.92549 0.92549 1
0.0190359 0.136324 0.92549 0.92549 0.92549 1
0.0209026 0.138995 0.92549 0.92549 0.92549 1
0.0261527 0.138995 0.92549 0.92549 0.92549 1
0.0261527 0.137409 0.92549 0.92549 0.92549 1
0.0209026 0.137409 0.92549 0.92549 0.92549 1
0.0259193 0.138494 0.92549 0.92549 0.92549 1
0.026736 0.138494 0.92549 0.92549 0.92549 1
0.026736 0.137827 0.92549 0.92549 0.92549 1
0.0259193 0.137827 0.92549 0.92549 0.92549 1
0.0182191 0.140498 0.92549 0.92549 0.92549 1
0.0251026 0.140498 0.92549 0.92549 0.92549 1
0.0251026 0.137242 0.92549 0.92549 0.92549 1
0.0182191 0.137242 0.92549 0.92549 0.92549 1
0.0175191 0.141166 0.92549 0.92549 0.92549 1
0.0235859 0.141166 0.92549 0.92549 0.92549 1
0.0235859 0.139329 0.92549 0.92549 0.92549 1
0.0175191 0.139329 0.92549 0.92549 0.92549 1
0.0169357 -0.0322189 0.92549 0.92549 0.92549 1
0.0267359 -0.0322189 0.92549 0.92549 0.92549 1
0.0267359 -0.033972 0.92549 0.92549 0.92549 1
0.0169357 -0.033972 0.92549 0.92549 0.92549 1
0.0168191 -0.0323859 0.92549 0.92549 0.92549 1
0.0262693 -0.0323859 0.92549 0.92549 0.92549 1
0.0262693 -0.0343894 0.92549 0.92549 0.92549 1
0.0168191 -0.0343894 0.92549 0.92549 0.92549 1
0.0169357 -0.033972 0.92549 0.92549 0.92549 1
0.0238192 -0.033972 0.92549 0.92549 0.92549 1
0.0238192 -0.0348068 0.92549 0.92549 0.92549 1
0.0169357 -0.0348068 0.92549 0.92549 0.92549 1
0.0169357 -0.0343058 0.92549 0.92549 0.92549 1
0.0209025 -0.0343058 0.92549 0.92549 0.92549 1
0.0209025 -0.0350571 0.92549 0.92549 0.92549 1
0.0169357 -0.0350571 0.92549 0.92549 0.92549 1
0.0168191 -0.0341389 0.92549 0.92549 0.92549 1
0.0191525 -0.0341389 0.92549 0.92549 0.92549 1
0.0191525 -0.0354746 0.92549 0.92549 0.92549 1
0.0168191 -0.0354746 0.92549 0.92549 0.92549 1
0.306462 0.0281013 0.92549 0.92549 0.92549 1
0.315207 0.0281013 0.92549 0.92549 0.92549 1
0.315207 0.019129 0.92549 0.92549 0.92549 1
0.306462 0.019129 0.92549 0.92549 0.92549 1
0.338141 0.00767756 0.92549 0.92549 0.92549 1
0.338636 0.00767756 0.92549 0.92549 0.92549 1
0.338636 0.00685108 0.92549 0.92549 0.92549 1
0.338141 0.00685108 0.92549 0.92549 0.92549 1
0.308937 0.0283374 0.92549 0.92549 0.92549 1
0.312732 0.0283374 0.92549 0.92549 0.92549 1
0.312732 0.0178304 0.92549 0.92549 0.92549 1
0.308937 0.0178304 0.92549 0.92549 0.92549 1
0.311412 0.0286916 0.92549 0.92549 0.92549 1
0.313887 0.0286916 0.92549 0.92549 0.92549 1
0.313887 0.0178304 0.92549 0.92549 0.92549 1
0.311412 0.0178304 0.92549 0.92549 0.92549 1
0.314712 0.0277471 0.92549 0.92549 0.92549 1
0.315867 0.0277471 0.92549 0.92549 0.92549 1
0.315867 0.0197192 0.92549 0.92549 0.92549 1
0.314712 0.0197192 0.92549 0.92549 0.92549 1
0.315702 0.0275109 0.92549 0.92549 0.92549 1
0.317187 0.0275109 0.92549 0.92549 0.92549 1
0.317187 0.0201915 0.92549 0.92549 0.92549 1
0.315702 0.0201915 0.92549 0.92549 0.92549 1
0.316527 0.0269207 0.92549 0.92549 0.92549 1
0.318507 0.0269207 0.92549 0.92549 0.92549 1
0.318507 0.0207818 0.92549 0.92549 0.92549 1
0.316527 0.0207818 0.92549 0.92549 0.92549 1
0.318507 0.0265667 0.92549 0.92549 0.92549 1
0.319332 0.0265667 0.92549 0.92549 0.92549 1
0.319332 0.0213721 0.92549 0.92549 0.92549 1
0.318507 0.0213721 0.92549 0.92549 0.92549 1
0.319002 0.0258582 0.92549 0.92549 0.92549 1
0.320652 0.0258582 0.92549 0.92549 0.92549 1
0.320652 0.0219623 0.92549 0.92549 0.92549 1
0.319002 0.0219623 0.92549 0.92549 0.92549 1
0.320487 0.025268 0.92549 0.92549 0.92549 1
0.321642 0.025268 0.92549 0.92549 0.92549 1
0.321642 0.0223165 0.92549 0.92549 0.92549 1
0.320487 0.0223165 0.92549 0.92549 0.92549 1
0.321477 0.0245595 0.92549 0.92549 0.92549 1
0.322632 0.0245595 0.92549 0.92549 0.92549 1
0.322632 0.0230248 0.92549 0.92549 0.92549 1
0.321477 0.0230248 0.92549 0.92549 0.92549 1
0.321972 0.0240874 0.92549 0.92549 0.92549 1
0.323127 0.0240874 0.92549 0.92549 0.92549 1
0.323127 0.0233791 0.92549 0.92549 0.92549 1
0.321972 0.0233791 0.92549 0.92549 0.92549 1
0.0159091 0.319761 0.94902 0.94902 0.94902 1
0.0206128 0.319761 0.94902 0.94902 0.94902 1
0.0206128 0.272677 0.94902 0.94902 0.94902 1
0.0159091 0.272677 0.94902 0.94902 0.94902 1
0.109117 0.289919 0.94902 0.94902 0.94902 1
0.106123 0.286313 0.94902 0.94902 0.94902 1
0.0166273 0.316477 0.94902 0.94902 0.94902 1
0.0196215 0.320082 0.94902 0.94902 0.94902 1
0.107132 0.290161 0.94902 0.94902 0.94902 1
0.108653 0.286693 0.94902 0.94902 0.94902 1
0.0189394 0.272323 0.94902 0.94902 0.94902 1
0.0174187 0.275791 0.94902 0.94902 0.94902 1
0.0187019 0.316225 0.94902 0.94902 0.94902 1
0.0286972 0.316225 0.94902 0.94902 0.94902 1
0.0286972 0.275934 0.94902 0.94902 0.94902 1
0.0187019 0.275934 0.94902 0.94902 0.94902 1
0.0270802 0.313713 0.94902 0.94902 0.94902 1
0.0341358 0.313713 0.94902 0.94902 0.94902 1
0.0341358 0.27612 0.94902 0.94902 0.94902 1
0.0270802 0.27612 0.94902 0.94902 0.94902 1
0.0331068 0.311572 0.94902 0.94902 0.94902 1
0.0426611 0.311572 0.94902 0.94902 0.94902 1
0.0426611 0.278074 0.94902 0.94902 0.94902 1
0.0331068 0.278074 0.94902 0.94902 0.94902 1
0.0414852 0.308595 0.94902 0.94902 0.94902 1
0.0533913 0.308595 0.94902 0.94902 0.94902 1
0.0533913 0.279191 0.94902 0.94902 0.94902 1
0.0414852 0.279191 0.94902 0.94902 0.94902 1
0.0511865 0.304966 0.94902 0.94902 0.94902 1
0.0629456 0.304966 0.94902 0.94902 0.94902 1
0.0629456 0.281424 0.94902 0.94902 0.94902 1
0.0511865 0.281424 0.94902 0.94902 0.94902 1
0.0605938 0.302081 0.94902 0.94902 0.94902 1
0.0686781 0.302081 0.94902 0.94902 0.94902 1
0.0686781 0.280866 0.94902 0.94902 0.94902 1
0.0605938 0.280866 0.94902 0.94902 0.94902 1
0.0780855 0.291753 0.94902 0.94902 0.94902 1
0.0786734 0.291753 0.94902 0.94902 0.94902 1
0.0786734 0.291474 0.94902 0.94902 0.94902 1
0.0780855 0.291474 0.94902 0.94902 0.94902 1
0.0566251 0.301802 0.94902 0.94902 0.94902 1
0.0730878 0.301802 0.94902 0.94902 0.94902 1
0.0730878 0.281889 0.94902 0.94902 0.94902 1
0.0566251 0.281889 0.94902 0.94902 0.94902 1
0.0633866 0.298918 0.94902 0.94902 0.94902 1
0.0761746 0.298918 0.94902 0.94902 0.94902 1
0.0761746 0.284029 0.94902 0.94902 0.94902 1
0.0633866 0.284029 0.94902 0.94902 0.94902 1
0.0657384 0.291474 0.94902 0.94902 0.94902 1
0.100722 0.291474 0.94902 0.94902 0.94902 1
0.100722 0.288031 0.94902 0.94902 0.94902 1
0.0657384 0.288031 0.94902 0.94902 0.94902 1
0.0736758 0.292683 0.94902 0.94902 0.94902 1
0.0911675 0.292683 0.94902 0.94902 0.94902 1
0.0911675 0.284123 0.94902 0.94902 0.94902 1
0.0736758 0.284123 0.94902 0.94902 0.94902 1
0.0724999 0.297336 0.94902 0.94902 0.94902 1
0.0871988 0.297336 0.94902 0.94902 0.94902 1
0.0871988 0.287472 0.94902 0.94902 0.94902 1
0.0724999 0.287472 0.94902 0.94902 0.94902 1
0.0866109 0.293428 0.94902 0.94902 0.94902 1
0.0935193 0.293428 0.94902 0.94902 0.94902 1
0.0935193 0.286449 0.94902 0.94902 0.94902 1
0.0866109 0.286449 0.94902 0.94902 0.94902 1
0.0159091 0.32104 0.94902 0.94902 0.94902 1
0.0165705 0.32104 0.94902 0.94902 0.94902 1
0.0165705 0.319389 0.94902 0.94902 0.94902 1
0.0159091 0.319389 0.94902 0.94902 0.94902 1
0.0185181 0.319598 0.94902 0.94902 0.94902 1
0.0187019 0.319598 0.94902 0.94902 0.94902 1
0.0187019 0.319552 0.94902 0.94902 0.94902 1
0.0185181 0.319552 0.94902 0.94902 0.94902 1
0.0163501 0.320296 0.94902 0.94902 0.94902 1
0.0189959 0.320296 0.94902 0.94902 0.94902 1
0.0189959 0.319505 0.94902 0.94902 0.94902 1
0.0163501 0.319505 0.94902 0.94902 0.94902 1
0.0198043 0.319179 0.94902 0.94902 0.94902 1
0.020135 0.319179 0.94902 0.94902 0.94902 1
0.020135 0.31911 0.94902 0.94902 0.94902 1
0.0198043 0.31911 0.94902 0.94902 0.94902 1
0.0186651 0.320296 0.94902 0.94902 0.94902 1
0.0191429 0.320296 0.94902 0.94902 0.94902 1
0.0191429 0.319598 0.94902 0.94902 0.94902 1
0.0186651 0.319598 0.94902 0.94902 0.94902 1
0.0159091 0.321296 0.94902 0.94902 0.94902 1
0.0162398 0.321296 0.94902 0.94902 0.94902 1
0.0162398 0.320947 0.94902 0.94902 0.94902 1
0.0159091 0.320947 0.94902 0.94902 0.94902 1
0.0163501 0.320878 0.94902 0.94902 0.94902 1
0.0170115 0.320878 0.94902 0.94902 0.94902 1
0.0170115 0.320017 0.94902 0.94902 0.94902 1
0.0163501 0.320017 0.94902 0.94902 0.94902 1
0.0182609 0.320226 0.94902 0.94902 0.94902 1
0.019547 0.320226 0.94902 0.94902 0.94902 1
0.019547 0.319528 0.94902 0.94902 0.94902 1
0.0182609 0.319528 0.94902 0.94902 0.94902 1
0.0166073 0.320715 0.94902 0.94902 0.94902 1
0.017379 0.320715 0.94902 0.94902 0.94902 1
0.017379 0.319807 0.94902 0.94902 0.94902 1
0.0166073 0.319807 0.94902 0.94902 0.94902 1
0.0171952 0.320552 0.94902 0.94902 0.94902 1
0.0188489 0.320552 0.94902 0.94902 0.94902 1
0.0188489 0.32011 0.94902 0.94902 0.94902 1
0.0171952 0.32011 0.94902 0.94902 0.94902 1
0.0187754 0.320412 0.94902 0.94902 0.94902 1
0.0190326 0.320412 0.94902 0.94902 0.94902 1
0.0190326 0.320226 0.94902 0.94902 0.94902 1
0.0187754 0.320226 0.94902 0.94902 0.94902 1
0.0163501 0.320971 0.94902 0.94902 0.94902 1
0.0185181 0.320971 0.94902 0.94902 0.94902 1
0.0185181 0.320063 0.94902 0.94902 0.94902 1
0.0163501 0.320063 0.94902 0.94902 0.94902 1
0.0161296 0.321157 0.94902 0.94902 0.94902 1
0.0180404 0.321157 0.94902 0.94902 0.94902 1
0.0180404 0.320645 0.94902 0.94902 0.94902 1
0.0161296 0.320645 0.94902 0.94902 0.94902 1
0.0159459 0.27284 0.94902 0.94902 0.94902 1
0.0190327 0.27284 0.94902 0.94902 0.94902 1
0.0190327 0.272352 0.94902 0.94902 0.94902 1
0.0159459 0.272352 0.94902 0.94902 0.94902 1
0.0159091 0.272794 0.94902 0.94902 0.94902 1
0.0188856 0.272794 0.94902 0.94902 0.94902 1
0.0188856 0.272235 0.94902 0.94902 0.94902 1
0.0159091 0.272235 0.94902 0.94902 0.94902 1
0.0159459 0.272352 0.94902 0.94902 0.94902 1
0.018114 0.272352 0.94902 0.94902 0.94902 1
0.018114 0.272119 0.94902 0.94902 0.94902 1
0.0159459 0.272119 0.94902 0.94902 0.94902 1
0.0159459 0.272259 0.94902 0.94902 0.94902 1
0.0171953 0.272259 0.94902 0.94902 0.94902 1
0.0171953 0.272049 0.94902 0.94902 0.94902 1
0.0159459 0.272049 0.94902 0.94902 0.94902 1
0.0159091 0.272305 0.94902 0.94902 0.94902 1
0.0166441 0.272305 0.94902 0.94902 0.94902 1
0.0166441 0.271933 0.94902 0.94902 0.94902 1
0.0159091 0.271933 0.94902 0.94902 0.94902 1
0.107138 0.289649 0.94902 0.94902 0.94902 1
0.109892 0.289649 0.94902 0.94902 0.94902 1
0.109892 0.287149 0.94902 0.94902 0.94902 1
0.107138 0.287149 0.94902 0.94902 0.94902 1
0.117116 0.283958 0.94902 0.94902 0.94902 1
0.117272 0.283958 0.94902 0.94902 0.94902 1
0.117272 0.283728 0.94902 0.94902 0.94902 1
0.117116 0.283728 0.94902 0.94902 0.94902 1
0.107918 0.289715 0.94902 0.94902 0.94902 1
0.109113 0.289715 0.94902 0.94902 0.94902 1
0.109113 0.286787 0.94902 0.94902 0.94902 1
0.107918 0.286787 0.94902 0.94902 0.94902 1
0.108697 0.289814 0.94902 0.94902 0.94902 1
0.109477 0.289814 0.94902 0.94902 0.94902 1
0.109477 0.286787 0.94902 0.94902 0.94902 1
0.108697 0.286787 0.94902 0.94902 0.94902 1
0.109736 0.289551 0.94902 0.94902 0.94902 1
0.1101 0.289551 0.94902 0.94902 0.94902 1
0.1101 0.287314 0.94902 0.94902 0.94902 1
0.109736 0.287314 0.94902 0.94902 0.94902 1
0.110048 0.289485 0.94902 0.94902 0.94902 1
0.110516 0.289485 0.94902 0.94902 0.94902 1
0.110516 0.287445 0.94902 0.94902 0.94902 1
0.110048 0.287445 0.94902 0.94902 0.94902 1
0.110308 0.28932 0.94902 0.94902 0.94902 1
0.110932 0.28932 0.94902 0.94902 0.94902 1
0.110932 0.28761 0.94902 0.94902 0.94902 1
0.110308 0.28761 0.94902 0.94902 0.94902 1
0.110932 0.289222 0.94902 0.94902 0.94902 1
0.111192 0.289222 0.94902 0.94902 0.94902 1
0.111192 0.287774 0.94902 0.94902 0.94902 1
0.110932 0.287774 0.94902 0.94902 0.94902 1
0.111088 0.289024 0.94902 0.94902 0.94902 1
0.111607 0.289024 0.94902 0.94902 0.94902 1
0.111607 0.287939 0.94902 0.94902 0.94902 1
0.111088 0.287939 0.94902 0.94902 0.94902 1
0.111555 0.28886 0.94902 0.94902 0.94902 1
0.111919 0.28886 0.94902 0.94902 0.94902 1
0.111919 0.288037 0.94902 0.94902 0.94902 1
0.111555 0.288037 0.94902 0.94902 0.94902 1
0.111867 0.288662 0.94902 0.94902 0.94902 1
0.112231 0.288662 0.94902 0.94902 0.94902 1
0.112231 0.288235 0.94902 0.94902 0.94902 1
0.111867 0.288235 0.94902 0.94902 0.94902 1
0.112023 0.288531 0.94902 0.94902 0.94902 1
0.112387 0.288531 0.94902 0.94902 0.94902 1
0.112387 0.288333 0.94902 0.94902 0.94902 1
0.112023 0.288333 0.94902 0.94902 0.94902 1
